     0             0
     1             0
     2             0
     3             0
     4             0
     5             0
     6             0
     7             0
     8             0
     9             0
    10             0
    11             0
    12             0
    13             0
    14             0
    15             0
    16             0
    17             0
    18             0
    19             0
    20             0
    21             0
    22             0
    23             0
    24             0
    25             0
    26             0
    27             0
    28             0
    29             0
    30             0
    31             0
    32             0
    33             0
    34             0
    35             0
    36             0
    37             0
    38             0
    39             0
    40             0
    41             0
    42             0
    43             0
    44             0
    45             1
    46             0
    47             0
    48             0
    49             0
    50             0
    51             0
    52             0
    53             0
    54             1
    55             0
    56             0
    57             0
    58             0
    59             0
    60             0
    61             0
    62             0
    63             0
    64             0
    65             0
    66             0
    67             0
    68             0
    69             0
    70             0
    71             0
    72             0
    73             0
    74             0
    75             0
    76             0
    77             0
    78             0
    79             0
    80             0
    81             0
    82             0
    83             0
    84             0
    85             0
    86             0
    87             0
    88             0
    89             0
    90             0
    91             0
    92             0
    93             0
    94             0
    95             0
    96             0
    97             0
    98             0
    99             0
   100             0
   101             0
   102             0
   103             0
   104             0
   105             0
   106             0
   107             0
   108             0
   109             0
   110             0
   111             0
   112             0
   113             0
   114             0
   115             0
   116             0
   117             0
   118             0
   119             0
   120             0
   121             0
   122             0
   123             0
   124             0
   125             0
   126             0
   127             0
   128             0
   129             0
   130             0
   131             0
   132             0
   133             0
   134             0
   135             0
   136             0
   137             0
   138             0
   139             0
   140             0
   141             0
   142             0
   143             0
   144             0
   145             0
   146             0
   147             0
   148             0
   149             0
   150             0
   151             0
   152             0
   153             0
   154             0
   155             0
   156             0
   157             0
   158             0
   159             0
   160             4
   161            13
   162            14
   163            10
   164             8
   165            10
   166             8
   167             9
   168            10
   169             7
   170             8
   171             6
   172             6
   173             5
   174             5
   175             5
   176            10
   177             2
   178             7
   179             6
   180             4
   181             0
   182             5
   183             4
   184             5
   185             6
   186             5
   187             6
   188             4
   189             3
   190             1
   191             8
   192             3
   193             5
   194             0
   195             6
   196             1
   197             4
   198             1
   199             2
   200             1
   201             1
   202             5
   203             1
   204             5
   205             0
   206             3
   207             3
   208             3
   209             2
   210             0
   211             3
   212             0
   213             0
   214             1
   215             2
   216             1
   217             1
   218             0
   219             1
   220             4
   221             2
   222             0
   223             2
   224             0
   225             3
   226             3
   227             1
   228             1
   229             1
   230             2
   231             0
   232             1
   233             2
   234             1
   235             2
   236             2
   237             4
   238             1
   239             0
   240             0
   241             0
   242             0
   243             1
   244             1
   245             5
   246             1
   247             1
   248             1
   249             1
   250             2
   251             1
   252             2
   253             3
   254             0
   255             1
   256             7
   257             2
   258             1
   259             1
   260             1
   261             5
   262             4
   263             2
   264             2
   265             0
   266             0
   267             1
   268             3
   269             0
   270             3
   271             2
   272             1
   273             1
   274             1
   275             0
   276             2
   277             1
   278             0
   279             1
   280             2
   281             1
   282             3
   283             3
   284             2
   285             2
   286             0
   287             0
   288             2
   289             0
   290             0
   291             3
   292             1
   293             0
   294             1
   295             0
   296             0
   297             4
   298             0
   299             3
   300             2
   301             2
   302             0
   303             1
   304             3
   305             3
   306             0
   307             3
   308             2
   309             0
   310             0
   311             1
   312             2
   313             2
   314             1
   315             2
   316             3
   317             1
   318             1
   319             1
   320             1
   321             0
   322             0
   323             0
   324             1
   325             0
   326             0
   327             0
   328             0
   329             1
   330             0
   331             1
   332             1
   333             1
   334             0
   335             3
   336             1
   337             0
   338             2
   339             0
   340             0
   341             0
   342             0
   343             0
   344             2
   345             0
   346             2
   347             0
   348             0
   349             0
   350             1
   351             1
   352             0
   353             1
   354             1
   355             0
   356             1
   357             0
   358             0
   359             2
   360             0
   361             3
   362             2
   363             0
   364             0
   365             1
   366             4
   367             2
   368             0
   369             2
   370             0
   371             2
   372             0
   373             1
   374             0
   375             1
   376             2
   377             0
   378             0
   379             0
   380             1
   381             0
   382             0
   383             0
   384             1
   385             1
   386             1
   387             1
   388             1
   389             2
   390             1
   391             1
   392             1
   393             0
   394             0
   395             0
   396             1
   397             0
   398             0
   399             1
   400             0
   401             2
   402             1
   403             1
   404             0
   405             1
   406             1
   407             1
   408             4
   409             3
   410             1
   411             2
   412             1
   413             3
   414             2
   415             1
   416             0
   417             0
   418             0
   419             0
   420             3
   421             0
   422             0
   423             2
   424             0
   425             2
   426             0
   427             0
   428             0
   429             0
   430             1
   431             1
   432             0
   433             1
   434             1
   435             0
   436             0
   437             1
   438             0
   439             1
   440             2
   441             1
   442             0
   443             0
   444             1
   445             0
   446             1
   447             1
   448             1
   449             1
   450             2
   451             0
   452             0
   453             0
   454             2
   455             2
   456             0
   457             0
   458             0
   459             1
   460             3
   461             0
   462             2
   463             1
   464             0
   465             0
   466             1
   467             1
   468             0
   469             1
   470             0
   471             0
   472             1
   473             1
   474             2
   475             0
   476             0
   477             1
   478             2
   479             1
   480             1
   481             1
   482             0
   483             0
   484             1
   485             0
   486             0
   487             0
   488             1
   489             4
   490             0
   491             2
   492             1
   493             0
   494             0
   495             0
   496             3
   497             0
   498             0
   499             0
   500             0
   501             1
   502             1
   503             1
   504             0
   505             1
   506             0
   507             2
   508             1
   509             0
   510             1
   511             1
   512             1
   513             3
   514             0
   515             2
   516             0
   517             1
   518             2
   519             0
   520             3
   521             1
   522             2
   523             3
   524             1
   525             1
   526             1
   527             2
   528             0
   529             1
   530             1
   531             1
   532             1
   533             1
   534             0
   535             0
   536             0
   537             1
   538             2
   539             1
   540             3
   541             3
   542             0
   543             4
   544             0
   545             0
   546             0
   547             1
   548             1
   549             0
   550             3
   551             0
   552             1
   553             0
   554             2
   555             1
   556             1
   557             3
   558             0
   559             2
   560             0
   561             0
   562             0
   563             1
   564             1
   565             4
   566             0
   567             0
   568             0
   569             3
   570             0
   571             2
   572             3
   573             2
   574             1
   575             2
   576             1
   577             2
   578             0
   579             0
   580             0
   581             3
   582             0
   583             1
   584             1
   585             0
   586             1
   587             3
   588             0
   589             2
   590             3
   591             0
   592             1
   593             2
   594             2
   595             2
   596             1
   597             1
   598             1
   599             1
   600             0
   601             1
   602             1
   603             0
   604             0
   605             0
   606             2
   607             2
   608             0
   609             3
   610             1
   611             1
   612             1
   613             1
   614             0
   615             0
   616             0
   617             1
   618             4
   619             1
   620             0
   621             1
   622             1
   623             1
   624             1
   625             3
   626             0
   627             1
   628             0
   629             0
   630             0
   631             0
   632             1
   633             0
   634             0
   635             1
   636             1
   637             0
   638             1
   639             1
   640             0
   641             2
   642             1
   643             1
   644             0
   645             1
   646             1
   647             1
   648             2
   649             0
   650             1
   651             0
   652             0
   653             2
   654             1
   655             0
   656             1
   657             0
   658             2
   659             0
   660             1
   661             0
   662             1
   663             2
   664             1
   665             0
   666             1
   667             4
   668             3
   669             0
   670             1
   671             2
   672             1
   673             2
   674             1
   675             0
   676             0
   677             1
   678             1
   679             0
   680             1
   681             1
   682             1
   683             2
   684             3
   685             2
   686             0
   687             2
   688             1
   689             2
   690             1
   691             0
   692             1
   693             1
   694             2
   695             1
   696             0
   697             1
   698             1
   699             2
   700             1
   701             1
   702             1
   703             0
   704             1
   705             1
   706             1
   707             0
   708             1
   709             1
   710             2
   711             2
   712             1
   713             2
   714             1
   715             0
   716             0
   717             1
   718             0
   719             0
   720             1
   721             3
   722             0
   723             1
   724             0
   725             1
   726             2
   727             4
   728             3
   729             1
   730             1
   731             1
   732             3
   733             0
   734             1
   735             1
   736             0
   737             1
   738             0
   739             3
   740             0
   741             0
   742             2
   743             1
   744             4
   745             0
   746             1
   747             1
   748             0
   749             0
   750             0
   751             3
   752             0
   753             1
   754             3
   755             2
   756             0
   757             0
   758             1
   759             0
   760             3
   761             0
   762             0
   763             4
   764             0
   765             1
   766             0
   767             1
   768             1
   769             0
   770             0
   771             0
   772             1
   773             2
   774             1
   775             2
   776             3
   777             2
   778             2
   779             2
   780             2
   781             0
   782             1
   783             0
   784             0
   785             1
   786             0
   787             1
   788             2
   789             2
   790             0
   791             1
   792             2
   793             1
   794             1
   795             1
   796             1
   797             2
   798             1
   799             0
   800             0
   801             1
   802             0
   803             0
   804             0
   805             2
   806             0
   807             0
   808             5
   809             2
   810             1
   811             0
   812             1
   813             0
   814             2
   815             0
   816             0
   817             1
   818             0
   819             1
   820             0
   821             1
   822             0
   823             3
   824             1
   825             1
   826             4
   827             4
   828             1
   829             2
   830             1
   831             1
   832             0
   833             0
   834             1
   835             0
   836             1
   837             1
   838             1
   839             0
   840             1
   841             0
   842             1
   843             1
   844             2
   845             0
   846             1
   847             0
   848             0
   849             5
   850             0
   851             1
   852             1
   853             0
   854             1
   855             1
   856             0
   857             2
   858             2
   859             0
   860             0
   861             0
   862             0
   863             0
   864             0
   865             2
   866             2
   867             2
   868             1
   869             2
   870             1
   871             1
   872             2
   873             0
   874             1
   875             0
   876             0
   877             0
   878             1
   879             0
   880             0
   881             1
   882             0
   883             0
   884             3
   885             1
   886             0
   887             1
   888             2
   889             0
   890             0
   891             1
   892             0
   893             1
   894             1
   895             2
   896             0
   897             2
   898             0
   899             2
   900             0
   901             0
   902             0
   903             1
   904             2
   905             0
   906             0
   907             0
   908             0
   909             2
   910             2
   911             2
   912             0
   913             3
   914             0
   915             2
   916             1
   917             2
   918             1
   919             1
   920             3
   921             0
   922             3
   923             3
   924             0
   925             0
   926             3
   927             1
   928             0
   929             0
   930             1
   931             4
   932             4
   933             0
   934             1
   935             0
   936             0
   937             1
   938             4
   939             0
   940             0
   941             1
   942             1
   943             0
   944             1
   945             3
   946             0
   947             1
   948             0
   949             1
   950             1
   951             3
   952             0
   953             1
   954             0
   955             2
   956             2
   957             0
   958             1
   959             1
   960             0
   961             1
   962             0
   963             2
   964             0
   965             4
   966             2
   967             2
   968             2
   969             2
   970             0
   971             1
   972             2
   973             0
   974             0
   975             0
   976             1
   977             2
   978             1
   979             0
   980             1
   981             1
   982             1
   983             1
   984             1
   985             0
   986             1
   987             0
   988             0
   989             0
   990             2
   991             0
   992             1
   993             0
   994             0
   995             0
   996             0
   997             1
   998             2
   999             0
  1000             3
  1001             0
  1002             0
  1003             3
  1004             1
  1005             1
  1006             1
  1007             1
  1008             4
  1009             1
  1010             2
  1011             0
  1012             1
  1013             0
  1014             1
  1015             2
  1016             0
  1017             4
  1018             0
  1019             1
  1020             1
  1021             0
  1022             2
  1023             1
  1024             0
  1025             0
  1026             0
  1027             1
  1028             2
  1029             0
  1030             0
  1031             5
  1032             2
  1033             1
  1034             1
  1035             1
  1036             1
  1037             1
  1038             0
  1039             0
  1040             2
  1041             3
  1042             2
  1043             2
  1044             1
  1045             3
  1046             0
  1047             2
  1048             1
  1049             3
  1050             0
  1051             2
  1052             2
  1053             2
  1054             3
  1055             0
  1056             2
  1057             3
  1058             1
  1059             1
  1060             3
  1061             0
  1062             0
  1063             1
  1064             0
  1065             1
  1066             0
  1067             3
  1068             0
  1069             2
  1070             2
  1071             1
  1072             0
  1073             2
  1074             1
  1075             1
  1076             0
  1077             2
  1078             0
  1079             2
  1080             3
  1081             1
  1082             1
  1083             1
  1084             2
  1085             2
  1086             0
  1087             0
  1088             1
  1089             0
  1090             0
  1091             2
  1092             2
  1093             0
  1094             0
  1095             1
  1096             0
  1097             0
  1098             1
  1099             4
  1100             0
  1101             3
  1102             1
  1103             3
  1104             0
  1105             2
  1106             1
  1107             1
  1108             0
  1109             3
  1110             1
  1111             1
  1112             1
  1113             0
  1114             0
  1115             0
  1116             2
  1117             1
  1118             2
  1119             0
  1120             0
  1121             0
  1122             1
  1123             0
  1124             1
  1125             2
  1126             2
  1127             1
  1128             1
  1129             1
  1130             5
  1131             1
  1132             0
  1133             0
  1134             2
  1135             5
  1136             2
  1137             3
  1138             0
  1139             0
  1140             0
  1141             0
  1142             0
  1143             2
  1144             0
  1145             2
  1146             0
  1147             0
  1148             2
  1149             2
  1150             1
  1151             3
  1152             0
  1153             0
  1154             1
  1155             0
  1156             3
  1157             1
  1158             1
  1159             0
  1160             0
  1161             2
  1162             2
  1163             0
  1164             1
  1165             2
  1166             3
  1167             1
  1168             2
  1169             0
  1170             0
  1171             1
  1172             2
  1173             0
  1174             1
  1175             2
  1176             0
  1177             1
  1178             0
  1179             1
  1180             1
  1181             2
  1182             2
  1183             1
  1184             2
  1185             1
  1186             1
  1187             1
  1188             0
  1189             2
  1190             3
  1191             0
  1192             0
  1193             2
  1194             0
  1195             0
  1196             0
  1197             0
  1198             2
  1199             3
  1200             2
  1201             0
  1202             2
  1203             1
  1204             2
  1205             0
  1206             1
  1207             0
  1208             2
  1209             1
  1210             0
  1211             0
  1212             0
  1213             1
  1214             2
  1215             0
  1216             1
  1217             0
  1218             1
  1219             1
  1220             0
  1221             0
  1222             1
  1223             2
  1224             1
  1225             0
  1226             1
  1227             2
  1228             3
  1229             1
  1230             0
  1231             2
  1232             0
  1233             2
  1234             1
  1235             0
  1236             3
  1237             2
  1238             1
  1239             1
  1240             2
  1241             1
  1242             0
  1243             0
  1244             1
  1245             1
  1246             1
  1247             0
  1248             0
  1249             1
  1250             1
  1251             1
  1252             2
  1253             1
  1254             2
  1255             1
  1256             1
  1257             1
  1258             1
  1259             2
  1260             1
  1261             0
  1262             0
  1263             1
  1264             1
  1265             1
  1266             2
  1267             1
  1268             2
  1269             1
  1270             1
  1271             2
  1272             0
  1273             1
  1274             1
  1275             1
  1276             1
  1277             3
  1278             3
  1279             0
  1280             0
  1281             2
  1282             3
  1283             0
  1284             0
  1285             2
  1286             1
  1287             1
  1288             0
  1289             0
  1290             0
  1291             3
  1292             0
  1293             0
  1294             1
  1295             1
  1296             1
  1297             2
  1298             1
  1299             0
  1300             0
  1301             0
  1302             2
  1303             0
  1304             1
  1305             3
  1306             0
  1307             1
  1308             0
  1309             0
  1310             1
  1311             1
  1312             1
  1313             4
  1314             4
  1315             4
  1316             0
  1317             1
  1318             3
  1319             0
  1320             3
  1321             0
  1322             3
  1323             0
  1324             0
  1325             3
  1326             2
  1327             1
  1328             3
  1329             2
  1330             0
  1331             2
  1332             0
  1333             1
  1334             2
  1335             1
  1336             0
  1337             3
  1338             0
  1339             2
  1340             3
  1341             3
  1342             1
  1343             1
  1344             4
  1345             3
  1346             1
  1347             1
  1348             4
  1349             1
  1350             1
  1351             2
  1352             2
  1353             1
  1354             0
  1355             2
  1356             1
  1357             1
  1358             0
  1359             1
  1360             1
  1361             2
  1362             1
  1363             0
  1364             3
  1365             1
  1366             1
  1367             1
  1368             0
  1369             2
  1370             1
  1371             3
  1372             2
  1373             3
  1374             1
  1375             2
  1376             4
  1377             0
  1378             2
  1379             3
  1380             1
  1381             2
  1382             1
  1383             2
  1384             1
  1385             2
  1386             2
  1387             1
  1388             2
  1389             3
  1390             1
  1391             0
  1392             1
  1393             3
  1394             3
  1395             1
  1396             0
  1397             2
  1398             0
  1399             1
  1400             3
  1401             0
  1402             2
  1403             1
  1404             4
  1405             1
  1406             1
  1407             1
  1408             3
  1409             1
  1410             0
  1411             3
  1412             0
  1413             1
  1414             0
  1415             0
  1416             1
  1417             1
  1418             1
  1419             0
  1420             0
  1421             2
  1422             0
  1423             0
  1424             0
  1425             0
  1426             3
  1427             2
  1428             1
  1429             0
  1430             0
  1431             0
  1432             1
  1433             1
  1434             1
  1435             0
  1436             1
  1437             1
  1438             0
  1439             1
  1440             1
  1441             1
  1442             1
  1443             4
  1444             1
  1445             4
  1446             2
  1447             1
  1448             0
  1449             2
  1450             0
  1451             1
  1452             4
  1453             1
  1454             3
  1455             2
  1456             4
  1457             2
  1458             3
  1459             2
  1460             0
  1461             2
  1462             1
  1463             1
  1464             0
  1465             0
  1466             2
  1467             1
  1468             3
  1469             1
  1470             3
  1471             3
  1472             1
  1473             2
  1474             2
  1475             3
  1476             2
  1477             1
  1478             1
  1479             3
  1480             2
  1481             2
  1482             1
  1483             2
  1484             3
  1485             1
  1486             2
  1487             2
  1488             1
  1489             2
  1490             2
  1491             1
  1492             1
  1493             0
  1494             2
  1495             1
  1496             1
  1497             1
  1498             1
  1499             1
  1500             1
  1501             0
  1502             0
  1503             0
  1504             1
  1505             2
  1506             2
  1507             1
  1508             1
  1509             4
  1510             1
  1511             2
  1512             0
  1513             1
  1514             1
  1515             2
  1516             0
  1517             1
  1518             0
  1519             0
  1520             1
  1521             2
  1522             1
  1523             1
  1524             1
  1525             3
  1526             3
  1527             1
  1528             4
  1529             0
  1530             1
  1531             2
  1532             1
  1533             1
  1534             0
  1535             2
  1536             2
  1537             1
  1538             2
  1539             2
  1540             4
  1541             0
  1542             4
  1543             1
  1544             2
  1545             2
  1546             1
  1547             3
  1548             3
  1549             0
  1550             2
  1551             1
  1552             1
  1553             0
  1554             2
  1555             3
  1556             0
  1557             1
  1558             1
  1559             1
  1560             2
  1561             2
  1562             3
  1563             1
  1564             0
  1565             1
  1566             4
  1567             3
  1568             6
  1569             3
  1570             2
  1571             1
  1572             2
  1573             0
  1574             2
  1575             2
  1576             3
  1577             0
  1578             2
  1579             1
  1580             1
  1581             3
  1582             0
  1583             1
  1584             1
  1585             2
  1586             1
  1587             1
  1588             1
  1589             3
  1590             4
  1591             2
  1592             3
  1593             2
  1594             0
  1595             2
  1596             2
  1597             3
  1598             2
  1599             1
  1600             0
  1601             0
  1602             1
  1603             3
  1604             3
  1605             0
  1606             2
  1607             4
  1608             1
  1609             2
  1610             2
  1611             1
  1612             1
  1613             2
  1614             4
  1615             0
  1616             2
  1617             2
  1618             4
  1619             0
  1620             0
  1621             0
  1622             1
  1623             1
  1624             0
  1625             1
  1626             0
  1627             2
  1628             1
  1629             0
  1630             0
  1631             0
  1632             4
  1633             3
  1634             1
  1635             2
  1636             2
  1637             1
  1638             1
  1639             2
  1640             2
  1641             2
  1642             1
  1643             1
  1644             1
  1645             1
  1646             3
  1647             2
  1648             2
  1649             2
  1650             0
  1651             3
  1652             0
  1653             1
  1654             1
  1655             2
  1656             3
  1657             0
  1658             4
  1659             2
  1660             4
  1661             2
  1662             2
  1663             4
  1664             4
  1665             3
  1666             3
  1667             2
  1668             1
  1669             2
  1670             3
  1671             3
  1672             1
  1673             2
  1674             1
  1675             1
  1676             2
  1677             2
  1678             0
  1679             0
  1680             4
  1681             1
  1682             2
  1683             4
  1684             1
  1685             2
  1686             2
  1687             1
  1688             1
  1689             1
  1690             3
  1691             5
  1692             3
  1693             2
  1694             0
  1695             0
  1696             1
  1697             0
  1698             1
  1699             0
  1700             2
  1701             2
  1702             0
  1703             3
  1704             2
  1705             0
  1706             7
  1707             5
  1708             2
  1709             2
  1710             1
  1711             0
  1712             1
  1713             3
  1714             1
  1715             4
  1716             1
  1717             2
  1718             5
  1719             3
  1720             2
  1721             1
  1722             1
  1723             3
  1724             3
  1725             0
  1726             2
  1727             1
  1728             0
  1729             5
  1730             6
  1731             0
  1732             2
  1733             3
  1734             2
  1735             1
  1736             2
  1737             1
  1738             4
  1739             3
  1740             1
  1741             2
  1742             1
  1743             1
  1744             3
  1745             1
  1746             4
  1747             3
  1748             0
  1749             4
  1750             3
  1751             1
  1752             1
  1753             1
  1754             2
  1755             0
  1756             3
  1757             2
  1758             0
  1759             3
  1760             1
  1761             4
  1762             3
  1763             2
  1764             2
  1765             4
  1766             1
  1767             1
  1768             3
  1769             2
  1770             4
  1771             5
  1772             4
  1773             1
  1774             5
  1775             5
  1776             0
  1777             4
  1778             1
  1779             2
  1780             1
  1781             2
  1782             0
  1783             1
  1784             1
  1785             3
  1786             4
  1787             0
  1788             1
  1789             2
  1790             3
  1791             1
  1792             3
  1793             1
  1794             0
  1795             3
  1796             3
  1797             4
  1798             1
  1799             2
  1800             0
  1801             2
  1802             3
  1803             3
  1804             0
  1805             0
  1806             1
  1807             1
  1808             3
  1809             2
  1810             2
  1811             4
  1812             3
  1813             1
  1814             1
  1815             3
  1816             1
  1817             1
  1818             4
  1819             4
  1820             2
  1821             5
  1822             0
  1823             4
  1824             2
  1825             1
  1826             1
  1827             1
  1828             4
  1829             1
  1830             1
  1831             4
  1832             0
  1833             2
  1834             3
  1835             1
  1836             0
  1837             3
  1838             2
  1839             4
  1840             4
  1841             1
  1842             5
  1843             1
  1844             7
  1845             1
  1846             4
  1847             2
  1848             4
  1849             2
  1850             1
  1851             1
  1852             5
  1853             3
  1854             1
  1855             2
  1856             2
  1857             5
  1858             3
  1859             4
  1860             5
  1861             3
  1862             2
  1863             3
  1864             4
  1865             3
  1866             5
  1867             7
  1868             3
  1869             5
  1870             6
  1871             0
  1872             1
  1873             5
  1874             4
  1875             4
  1876             4
  1877             7
  1878            11
  1879             7
  1880             0
  1881             2
  1882             4
  1883             5
  1884             7
  1885             5
  1886             5
  1887             6
  1888             2
  1889             8
  1890             4
  1891             7
  1892             5
  1893             8
  1894             9
  1895             2
  1896             5
  1897            12
  1898            10
  1899             5
  1900             6
  1901             6
  1902             7
  1903             5
  1904             7
  1905            12
  1906             4
  1907             4
  1908             2
  1909             8
  1910             7
  1911             9
  1912             8
  1913            11
  1914            12
  1915             5
  1916             5
  1917             6
  1918            11
  1919             4
  1920             9
  1921             7
  1922            10
  1923             9
  1924             6
  1925            12
  1926             9
  1927             7
  1928            15
  1929            18
  1930             8
  1931             6
  1932            10
  1933            11
  1934            14
  1935            11
  1936            10
  1937            10
  1938            15
  1939            18
  1940            17
  1941            16
  1942            10
  1943             9
  1944            12
  1945            10
  1946            13
  1947            18
  1948            11
  1949            15
  1950            33
  1951            20
  1952            30
  1953            24
  1954            24
  1955            16
  1956            15
  1957            26
  1958            27
  1959            18
  1960            19
  1961            34
  1962            21
  1963            22
  1964            35
  1965            26
  1966            24
  1967            36
  1968            25
  1969            40
  1970            25
  1971            34
  1972            29
  1973            33
  1974            52
  1975            34
  1976            41
  1977            49
  1978            43
  1979            52
  1980            54
  1981            63
  1982            70
  1983            70
  1984            77
  1985            75
  1986            76
  1987            68
  1988            91
  1989            84
  1990           100
  1991            89
  1992           117
  1993           114
  1994           118
  1995            94
  1996           125
  1997           161
  1998           145
  1999           150
  2000           166
  2001           154
  2002           149
  2003           183
  2004           199
  2005           195
  2006           176
  2007           223
  2008           226
  2009           226
  2010           229
  2011           251
  2012           267
  2013           291
  2014           259
  2015           303
  2016           329
  2017           321
  2018           322
  2019           322
  2020           366
  2021           374
  2022           396
  2023           388
  2024           395
  2025           402
  2026           406
  2027           406
  2028           465
  2029           491
  2030           447
  2031           415
  2032           435
  2033           461
  2034           445
  2035           426
  2036           459
  2037           456
  2038           487
  2039           489
  2040           465
  2041           457
  2042           450
  2043           395
  2044           438
  2045           429
  2046           443
  2047           443
  2048           435
  2049           398
  2050           437
  2051           384
  2052           377
  2053           370
  2054           366
  2055           373
  2056           366
  2057           326
  2058           308
  2059           315
  2060           293
  2061           263
  2062           261
  2063           301
  2064           272
  2065           257
  2066           244
  2067           219
  2068           224
  2069           206
  2070           199
  2071           207
  2072           163
  2073           157
  2074           173
  2075           160
  2076           132
  2077           124
  2078           109
  2079           107
  2080           124
  2081           111
  2082           107
  2083            88
  2084            87
  2085            86
  2086            82
  2087            81
  2088            81
  2089            71
  2090            51
  2091            53
  2092            57
  2093            47
  2094            34
  2095            46
  2096            48
  2097            41
  2098            44
  2099            41
  2100            41
  2101            29
  2102            31
  2103            19
  2104            21
  2105            34
  2106            24
  2107            28
  2108            18
  2109            28
  2110            31
  2111            22
  2112            23
  2113            14
  2114            21
  2115            19
  2116            15
  2117            28
  2118            17
  2119            18
  2120             9
  2121            29
  2122            18
  2123            19
  2124            13
  2125            15
  2126            21
  2127            22
  2128            24
  2129            22
  2130            24
  2131            25
  2132            23
  2133            28
  2134            24
  2135            22
  2136            35
  2137            18
  2138            14
  2139            26
  2140            26
  2141            22
  2142            27
  2143            32
  2144            31
  2145            29
  2146            33
  2147            35
  2148            42
  2149            43
  2150            50
  2151            44
  2152            47
  2153            33
  2154            53
  2155            49
  2156            56
  2157            60
  2158            82
  2159            78
  2160            72
  2161            67
  2162            70
  2163            98
  2164            97
  2165            86
  2166            92
  2167           109
  2168           120
  2169           109
  2170           120
  2171           144
  2172           136
  2173           149
  2174           140
  2175           156
  2176           169
  2177           186
  2178           176
  2179           170
  2180           201
  2181           216
  2182           219
  2183           215
  2184           255
  2185           247
  2186           273
  2187           268
  2188           269
  2189           301
  2190           251
  2191           323
  2192           300
  2193           348
  2194           380
  2195           361
  2196           369
  2197           415
  2198           377
  2199           378
  2200           398
  2201           401
  2202           410
  2203           440
  2204           429
  2205           420
  2206           444
  2207           460
  2208           453
  2209           479
  2210           463
  2211           449
  2212           496
  2213           474
  2214           483
  2215           442
  2216           436
  2217           434
  2218           433
  2219           461
  2220           443
  2221           484
  2222           457
  2223           441
  2224           456
  2225           433
  2226           381
  2227           402
  2228           392
  2229           416
  2230           406
  2231           356
  2232           354
  2233           326
  2234           322
  2235           340
  2236           350
  2237           276
  2238           248
  2239           270
  2240           277
  2241           249
  2242           248
  2243           222
  2244           214
  2245           231
  2246           195
  2247           191
  2248           158
  2249           156
  2250           175
  2251           158
  2252           148
  2253           148
  2254           142
  2255           134
  2256           118
  2257           116
  2258           116
  2259           119
  2260           100
  2261           100
  2262           108
  2263            84
  2264            67
  2265            79
  2266            83
  2267            65
  2268            78
  2269            73
  2270            61
  2271            70
  2272            69
  2273            58
  2274            45
  2275            47
  2276            46
  2277            59
  2278            66
  2279            44
  2280            41
  2281            64
  2282            47
  2283            46
  2284            39
  2285            55
  2286            55
  2287            49
  2288            68
  2289            53
  2290            38
  2291            73
  2292            56
  2293            55
  2294            50
  2295            53
  2296            60
  2297            59
  2298            63
  2299            69
  2300            68
  2301            54
  2302            49
  2303            50
  2304            64
  2305            57
  2306            58
  2307            69
  2308            67
  2309            42
  2310            46
  2311            62
  2312            66
  2313            76
  2314            74
  2315            68
  2316            83
  2317            71
  2318            71
  2319            89
  2320            99
  2321            92
  2322            73
  2323            76
  2324            84
  2325           100
  2326            93
  2327            85
  2328           115
  2329           113
  2330           102
  2331           111
  2332           106
  2333           115
  2334           131
  2335           156
  2336           131
  2337           178
  2338           154
  2339           169
  2340           148
  2341           160
  2342           207
  2343           224
  2344           223
  2345           207
  2346           239
  2347           233
  2348           273
  2349           282
  2350           233
  2351           304
  2352           332
  2353           319
  2354           319
  2355           369
  2356           372
  2357           378
  2358           414
  2359           507
  2360           421
  2361           479
  2362           505
  2363           494
  2364           503
  2365           551
  2366           574
  2367           584
  2368           607
  2369           598
  2370           678
  2371           661
  2372           684
  2373           749
  2374           657
  2375           741
  2376           751
  2377           784
  2378           779
  2379           791
  2380           831
  2381           807
  2382           881
  2383           886
  2384           860
  2385           883
  2386           879
  2387           932
  2388           894
  2389           908
  2390          1012
  2391           951
  2392           949
  2393           901
  2394           912
  2395           949
  2396           914
  2397           976
  2398           955
  2399           880
  2400           859
  2401           873
  2402           839
  2403           852
  2404           808
  2405           866
  2406           790
  2407           803
  2408           777
  2409           712
  2410           696
  2411           690
  2412           660
  2413           666
  2414           654
  2415           645
  2416           609
  2417           570
  2418           567
  2419           544
  2420           498
  2421           448
  2422           431
  2423           447
  2424           403
  2425           372
  2426           369
  2427           356
  2428           329
  2429           288
  2430           265
  2431           267
  2432           229
  2433           220
  2434           214
  2435           182
  2436           191
  2437           167
  2438           152
  2439           124
  2440           159
  2441           118
  2442           111
  2443           104
  2444           104
  2445            66
  2446            78
  2447            81
  2448            76
  2449            71
  2450            56
  2451            70
  2452            49
  2453            48
  2454            41
  2455            40
  2456            44
  2457            34
  2458            46
  2459            57
  2460            27
  2461            29
  2462            27
  2463            24
  2464            16
  2465            26
  2466            29
  2467            27
  2468            23
  2469            26
  2470            24
  2471            28
  2472            33
  2473            32
  2474            23
  2475            34
  2476            29
  2477            23
  2478            27
  2479            25
  2480            26
  2481            26
  2482            24
  2483            27
  2484            29
  2485            32
  2486            39
  2487            33
  2488            32
  2489            35
  2490            32
  2491            30
  2492            26
  2493            22
  2494            29
  2495            31
  2496            18
  2497            33
  2498            27
  2499            33
  2500            28
  2501            31
  2502            22
  2503            37
  2504            40
  2505            24
  2506            14
  2507            31
  2508            38
  2509            28
  2510            30
  2511            22
  2512            28
  2513            26
  2514            27
  2515            17
  2516            21
  2517            29
  2518            21
  2519            16
  2520            20
  2521             8
  2522            16
  2523            20
  2524            14
  2525            11
  2526            11
  2527            10
  2528             9
  2529             5
  2530            13
  2531             5
  2532             6
  2533             4
  2534             6
  2535             6
  2536             8
  2537             6
  2538             7
  2539            10
  2540             4
  2541             3
  2542             5
  2543             6
  2544             8
  2545             3
  2546             1
  2547             2
  2548             4
  2549             5
  2550             1
  2551             3
  2552             5
  2553             3
  2554             6
  2555             4
  2556             5
  2557             7
  2558             6
  2559             2
  2560             1
  2561             6
  2562             5
  2563             2
  2564             1
  2565             2
  2566             5
  2567             3
  2568             1
  2569             4
  2570             4
  2571             6
  2572             2
  2573             2
  2574             6
  2575             1
  2576             2
  2577             2
  2578             2
  2579             3
  2580             3
  2581             1
  2582             3
  2583             0
  2584             1
  2585             1
  2586             4
  2587             6
  2588             1
  2589             3
  2590             1
  2591             1
  2592             0
  2593             0
  2594             1
  2595             3
  2596             2
  2597             4
  2598             2
  2599             2
  2600             1
  2601             0
  2602             1
  2603             2
  2604             0
  2605             1
  2606             2
  2607             2
  2608             1
  2609             0
  2610             0
  2611             1
  2612             1
  2613             2
  2614             0
  2615             1
  2616             0
  2617             1
  2618             2
  2619             0
  2620             0
  2621             0
  2622             0
  2623             1
  2624             2
  2625             0
  2626             0
  2627             3
  2628             1
  2629             2
  2630             1
  2631             1
  2632             4
  2633             2
  2634             0
  2635             1
  2636             4
  2637             2
  2638             0
  2639             2
  2640             2
  2641             1
  2642             1
  2643             0
  2644             0
  2645             1
  2646             2
  2647             2
  2648             0
  2649             3
  2650             2
  2651             1
  2652             0
  2653             5
  2654             4
  2655             1
  2656             3
  2657             2
  2658             0
  2659             5
  2660             7
  2661             2
  2662             5
  2663             2
  2664             5
  2665            11
  2666             9
  2667             8
  2668             8
  2669             9
  2670             8
  2671             4
  2672             9
  2673            13
  2674             9
  2675             6
  2676             6
  2677            10
  2678             8
  2679             4
  2680             8
  2681             7
  2682            11
  2683            10
  2684             9
  2685             4
  2686            10
  2687            10
  2688             8
  2689            10
  2690             7
  2691             7
  2692            10
  2693             5
  2694            10
  2695            12
  2696            13
  2697            16
  2698             8
  2699            11
  2700             9
  2701             7
  2702             1
  2703             1
  2704             6
  2705             5
  2706             9
  2707             9
  2708             4
  2709             5
  2710             9
  2711             9
  2712            13
  2713             5
  2714             9
  2715             5
  2716             3
  2717             6
  2718             6
  2719             3
  2720             4
  2721             2
  2722             3
  2723             3
  2724             2
  2725             4
  2726             5
  2727             6
  2728             3
  2729             2
  2730             3
  2731             5
  2732             2
  2733             4
  2734             2
  2735             1
  2736             1
  2737             1
  2738             1
  2739             2
  2740             3
  2741             2
  2742             2
  2743             4
  2744             3
  2745             1
  2746             2
  2747             7
  2748             4
  2749             2
  2750             1
  2751             4
  2752             1
  2753             2
  2754             3
  2755             5
  2756             4
  2757             6
  2758             4
  2759             4
  2760             6
  2761             2
  2762             8
  2763             6
  2764             3
  2765             6
  2766             4
  2767             4
  2768            12
  2769             7
  2770             6
  2771             8
  2772             9
  2773            13
  2774             8
  2775             5
  2776            11
  2777            10
  2778            13
  2779            16
  2780            19
  2781            14
  2782            18
  2783            20
  2784            17
  2785            15
  2786            13
  2787            18
  2788            23
  2789            21
  2790            22
  2791            17
  2792            22
  2793            20
  2794            17
  2795            17
  2796            25
  2797            23
  2798            33
  2799            27
  2800            27
  2801            28
  2802            26
  2803            34
  2804            37
  2805            32
  2806            29
  2807            35
  2808            33
  2809            31
  2810            26
  2811            28
  2812            29
  2813            26
  2814            25
  2815            28
  2816            23
  2817            23
  2818            25
  2819            21
  2820            32
  2821            22
  2822            23
  2823            23
  2824            15
  2825            22
  2826            21
  2827            17
  2828            10
  2829            18
  2830            18
  2831            13
  2832            12
  2833            13
  2834            10
  2835            14
  2836            10
  2837            11
  2838            13
  2839             6
  2840             2
  2841             6
  2842            11
  2843             4
  2844             4
  2845             6
  2846             9
  2847             5
  2848             5
  2849             8
  2850             3
  2851             6
  2852             6
  2853             5
  2854             7
  2855             5
  2856             0
  2857             2
  2858             1
  2859             4
  2860             4
  2861             3
  2862             0
  2863             0
  2864             1
  2865             1
  2866             0
  2867             1
  2868             1
  2869             3
  2870             0
  2871             1
  2872             1
  2873             0
  2874             2
  2875             1
  2876             0
  2877             1
  2878             1
  2879             1
  2880             3
  2881             1
  2882             0
  2883             1
  2884             0
  2885             0
  2886             0
  2887             1
  2888             0
  2889             0
  2890             2
  2891             0
  2892             0
  2893             0
  2894             0
  2895             1
  2896             0
  2897             2
  2898             0
  2899             1
  2900             2
  2901             1
  2902             0
  2903             1
  2904             0
  2905             2
  2906             1
  2907             0
  2908             1
  2909             0
  2910             1
  2911             0
  2912             0
  2913             0
  2914             0
  2915             1
  2916             1
  2917             0
  2918             0
  2919             3
  2920             1
  2921             0
  2922             1
  2923             2
  2924             2
  2925             0
  2926             0
  2927             0
  2928             0
  2929             0
  2930             0
  2931             0
  2932             2
  2933             1
  2934             2
  2935             0
  2936             0
  2937             0
  2938             0
  2939             0
  2940             1
  2941             1
  2942             0
  2943             1
  2944             0
  2945             1
  2946             0
  2947             2
  2948             4
  2949             1
  2950             0
  2951             3
  2952             0
  2953             0
  2954             0
  2955             0
  2956             0
  2957             1
  2958             0
  2959             0
  2960             0
  2961             1
  2962             0
  2963             2
  2964             0
  2965             1
  2966             1
  2967             2
  2968             1
  2969             1
  2970             1
  2971             0
  2972             0
  2973             1
  2974             1
  2975             0
  2976             1
  2977             2
  2978             1
  2979             1
  2980             1
  2981             0
  2982             0
  2983             0
  2984             1
  2985             3
  2986             3
  2987             0
  2988             2
  2989             1
  2990             4
  2991             1
  2992             0
  2993             1
  2994             3
  2995             4
  2996             1
  2997             1
  2998             4
  2999             1
  3000             2
  3001             0
  3002             2
  3003             2
  3004             1
  3005             4
  3006             1
  3007             3
  3008             2
  3009             5
  3010             2
  3011             5
  3012             2
  3013             5
  3014             7
  3015             7
  3016             9
  3017            11
  3018            11
  3019            11
  3020            12
  3021            11
  3022            12
  3023            13
  3024            13
  3025            11
  3026            22
  3027            15
  3028            15
  3029             8
  3030            17
  3031            16
  3032            26
  3033            21
  3034            26
  3035            23
  3036            22
  3037            26
  3038            23
  3039            24
  3040            20
  3041            31
  3042            27
  3043            29
  3044            26
  3045            24
  3046            33
  3047            30
  3048            33
  3049            25
  3050            35
  3051            20
  3052            38
  3053            29
  3054            24
  3055            21
  3056            25
  3057            24
  3058            24
  3059            22
  3060            18
  3061            20
  3062            25
  3063            23
  3064            25
  3065            22
  3066            20
  3067            26
  3068            18
  3069            22
  3070            14
  3071            11
  3072            23
  3073            19
  3074            11
  3075            13
  3076            11
  3077            10
  3078            10
  3079            13
  3080            10
  3081            11
  3082             6
  3083             8
  3084             6
  3085             5
  3086             5
  3087             5
  3088             5
  3089             4
  3090             7
  3091             8
  3092             3
  3093             5
  3094             0
  3095             2
  3096             2
  3097             1
  3098             3
  3099             2
  3100             0
  3101             3
  3102             0
  3103             1
  3104             1
  3105             3
  3106             0
  3107             1
  3108             1
  3109             0
  3110             0
  3111             0
  3112             1
  3113             1
  3114             0
  3115             2
  3116             1
  3117             0
  3118             0
  3119             1
  3120             3
  3121             0
  3122             1
  3123             0
  3124             1
  3125             0
  3126             0
  3127             1
  3128             0
  3129             1
  3130             1
  3131             0
  3132             0
  3133             0
  3134             1
  3135             0
  3136             1
  3137             1
  3138             2
  3139             0
  3140             0
  3141             0
  3142             0
  3143             2
  3144             0
  3145             0
  3146             0
  3147             0
  3148             0
  3149             0
  3150             0
  3151             0
  3152             2
  3153             0
  3154             0
  3155             1
  3156             2
  3157             0
  3158             1
  3159             0
  3160             1
  3161             0
  3162             0
  3163             0
  3164             5
  3165             1
  3166             0
  3167             0
  3168             1
  3169             1
  3170             1
  3171             3
  3172             1
  3173             1
  3174             1
  3175             1
  3176             2
  3177             2
  3178             3
  3179             2
  3180             4
  3181             1
  3182             4
  3183             6
  3184             4
  3185             2
  3186             1
  3187             4
  3188             4
  3189             3
  3190             1
  3191             2
  3192             6
  3193             4
  3194             1
  3195             1
  3196             3
  3197             4
  3198             2
  3199             3
  3200             3
  3201             1
  3202             2
  3203             4
  3204             3
  3205             3
  3206             1
  3207             2
  3208             5
  3209             2
  3210             2
  3211             2
  3212             2
  3213             1
  3214             1
  3215             0
  3216             0
  3217             1
  3218             2
  3219             0
  3220             1
  3221             2
  3222             3
  3223             1
  3224             1
  3225             0
  3226             0
  3227             0
  3228             2
  3229             2
  3230             2
  3231             0
  3232             2
  3233             0
  3234             0
  3235             1
  3236             2
  3237             1
  3238             0
  3239             0
  3240             0
  3241             0
  3242             1
  3243             0
  3244             0
  3245             0
  3246             1
  3247             1
  3248             1
  3249             0
  3250             0
  3251             0
  3252             0
  3253             0
  3254             0
  3255             0
  3256             0
  3257             0
  3258             0
  3259             0
  3260             0
  3261             0
  3262             0
  3263             0
  3264             1
  3265             0
  3266             0
  3267             0
  3268             0
  3269             0
  3270             1
  3271             1
  3272             0
  3273             0
  3274             0
  3275             0
  3276             0
  3277             0
  3278             0
  3279             0
  3280             0
  3281             0
  3282             1
  3283             0
  3284             0
  3285             0
  3286             0
  3287             0
  3288             0
  3289             0
  3290             0
  3291             0
  3292             0
  3293             0
  3294             1
  3295             0
  3296             0
  3297             0
  3298             0
  3299             0
  3300             0
  3301             1
  3302             0
  3303             0
  3304             0
  3305             0
  3306             0
  3307             0
  3308             0
  3309             0
  3310             0
  3311             0
  3312             1
  3313             0
  3314             0
  3315             0
  3316             0
  3317             0
  3318             0
  3319             0
  3320             0
  3321             1
  3322             0
  3323             0
  3324             0
  3325             0
  3326             0
  3327             0
  3328             0
  3329             1
  3330             0
  3331             1
  3332             0
  3333             0
  3334             0
  3335             0
  3336             0
  3337             0
  3338             0
  3339             0
  3340             0
  3341             0
  3342             0
  3343             0
  3344             0
  3345             0
  3346             0
  3347             1
  3348             0
  3349             0
  3350             0
  3351             0
  3352             1
  3353             1
  3354             0
  3355             0
  3356             0
  3357             0
  3358             0
  3359             0
  3360             0
  3361             0
  3362             0
  3363             0
  3364             0
  3365             0
  3366             0
  3367             0
  3368             0
  3369             0
  3370             0
  3371             2
  3372             0
  3373             0
  3374             1
  3375             1
  3376             0
  3377             0
  3378             0
  3379             0
  3380             0
  3381             0
  3382             0
  3383             0
  3384             0
  3385             1
  3386             0
  3387             0
  3388             0
  3389             0
  3390             3
  3391             1
  3392             0
  3393             0
  3394             0
  3395             0
  3396             0
  3397             0
  3398             0
  3399             0
  3400             0
  3401             0
  3402             2
  3403             0
  3404             0
  3405             0
  3406             0
  3407             0
  3408             0
  3409             0
  3410             0
  3411             0
  3412             1
  3413             0
  3414             1
  3415             0
  3416             0
  3417             1
  3418             0
  3419             0
  3420             0
  3421             0
  3422             0
  3423             0
  3424             1
  3425             0
  3426             0
  3427             2
  3428             0
  3429             0
  3430             0
  3431             1
  3432             1
  3433             0
  3434             0
  3435             0
  3436             0
  3437             0
  3438             1
  3439             0
  3440             0
  3441             0
  3442             0
  3443             0
  3444             0
  3445             0
  3446             0
  3447             0
  3448             1
  3449             0
  3450             0
  3451             0
  3452             0
  3453             0
  3454             0
  3455             0
  3456             0
  3457             0
  3458             0
  3459             0
  3460             0
  3461             0
  3462             1
  3463             0
  3464             0
  3465             0
  3466             0
  3467             0
  3468             0
  3469             0
  3470             0
  3471             1
  3472             0
  3473             1
  3474             1
  3475             1
  3476             0
  3477             0
  3478             0
  3479             2
  3480             1
  3481             0
  3482             0
  3483             0
  3484             0
  3485             0
  3486             0
  3487             0
  3488             0
  3489             0
  3490             0
  3491             0
  3492             1
  3493             0
  3494             0
  3495             1
  3496             1
  3497             0
  3498             0
  3499             0
  3500             0
  3501             0
  3502             0
  3503             0
  3504             0
  3505             0
  3506             0
  3507             0
  3508             1
  3509             0
  3510             0
  3511             0
  3512             0
  3513             0
  3514             0
  3515             0
  3516             0
  3517             1
  3518             0
  3519             1
  3520             0
  3521             1
  3522             0
  3523             0
  3524             1
  3525             0
  3526             0
  3527             0
  3528             1
  3529             0
  3530             1
  3531             0
  3532             0
  3533             0
  3534             0
  3535             0
  3536             0
  3537             1
  3538             0
  3539             0
  3540             2
  3541             1
  3542             0
  3543             1
  3544             1
  3545             0
  3546             0
  3547             0
  3548             0
  3549             0
  3550             1
  3551             0
  3552             0
  3553             0
  3554             0
  3555             2
  3556             0
  3557             1
  3558             0
  3559             1
  3560             0
  3561             1
  3562             1
  3563             0
  3564             1
  3565             0
  3566             0
  3567             0
  3568             1
  3569             0
  3570             0
  3571             0
  3572             0
  3573             0
  3574             1
  3575             0
  3576             0
  3577             0
  3578             0
  3579             0
  3580             0
  3581             0
  3582             1
  3583             0
  3584             1
  3585             0
  3586             0
  3587             0
  3588             0
  3589             0
  3590             0
  3591             0
  3592             0
  3593             0
  3594             0
  3595             1
  3596             0
  3597             0
  3598             0
  3599             0
  3600             0
  3601             1
  3602             0
  3603             0
  3604             0
  3605             1
  3606             1
  3607             1
  3608             0
  3609             0
  3610             2
  3611             0
  3612             0
  3613             0
  3614             0
  3615             0
  3616             0
  3617             0
  3618             1
  3619             0
  3620             0
  3621             0
  3622             0
  3623             1
  3624             0
  3625             0
  3626             0
  3627             0
  3628             0
  3629             0
  3630             1
  3631             0
  3632             0
  3633             0
  3634             0
  3635             0
  3636             0
  3637             0
  3638             0
  3639             1
  3640             0
  3641             0
  3642             0
  3643             0
  3644             0
  3645             0
  3646             0
  3647             0
  3648             0
  3649             1
  3650             0
  3651             0
  3652             0
  3653             0
  3654             0
  3655             0
  3656             0
  3657             0
  3658             0
  3659             0
  3660             0
  3661             0
  3662             0
  3663             0
  3664             1
  3665             1
  3666             0
  3667             0
  3668             0
  3669             0
  3670             0
  3671             0
  3672             0
  3673             1
  3674             0
  3675             0
  3676             0
  3677             0
  3678             1
  3679             0
  3680             0
  3681             0
  3682             0
  3683             0
  3684             0
  3685             1
  3686             0
  3687             1
  3688             1
  3689             0
  3690             0
  3691             0
  3692             0
  3693             0
  3694             0
  3695             1
  3696             0
  3697             0
  3698             0
  3699             1
  3700             0
  3701             0
  3702             2
  3703             0
  3704             0
  3705             1
  3706             0
  3707             0
  3708             0
  3709             1
  3710             0
  3711             1
  3712             0
  3713             0
  3714             1
  3715             0
  3716             0
  3717             0
  3718             0
  3719             0
  3720             0
  3721             0
  3722             0
  3723             0
  3724             0
  3725             0
  3726             0
  3727             0
  3728             0
  3729             0
  3730             0
  3731             0
  3732             0
  3733             0
  3734             0
  3735             1
  3736             0
  3737             1
  3738             0
  3739             0
  3740             0
  3741             0
  3742             0
  3743             1
  3744             1
  3745             0
  3746             0
  3747             1
  3748             1
  3749             0
  3750             0
  3751             0
  3752             1
  3753             0
  3754             0
  3755             0
  3756             0
  3757             0
  3758             1
  3759             0
  3760             0
  3761             0
  3762             0
  3763             0
  3764             0
  3765             0
  3766             0
  3767             0
  3768             0
  3769             0
  3770             2
  3771             0
  3772             0
  3773             1
  3774             0
  3775             0
  3776             0
  3777             0
  3778             2
  3779             1
  3780             1
  3781             3
  3782             0
  3783             1
  3784             1
  3785             1
  3786             2
  3787             1
  3788             1
  3789             2
  3790             0
  3791             2
  3792             1
  3793             0
  3794             0
  3795             2
  3796             0
  3797             4
  3798             3
  3799             1
  3800             2
  3801             2
  3802             2
  3803             0
  3804             3
  3805             1
  3806             5
  3807             0
  3808             1
  3809             4
  3810             1
  3811             1
  3812             1
  3813             3
  3814             3
  3815             2
  3816             3
  3817             5
  3818             4
  3819             3
  3820             4
  3821             3
  3822             2
  3823             4
  3824             2
  3825             3
  3826             2
  3827             7
  3828             1
  3829             4
  3830             1
  3831             3
  3832             4
  3833             2
  3834             2
  3835             3
  3836             2
  3837             1
  3838             4
  3839             0
  3840             2
  3841             2
  3842             1
  3843             4
  3844             1
  3845             1
  3846             1
  3847             0
  3848             3
  3849             0
  3850             1
  3851             1
  3852             0
  3853             0
  3854             1
  3855             0
  3856             0
  3857             0
  3858             0
  3859             0
  3860             0
  3861             1
  3862             0
  3863             0
  3864             1
  3865             0
  3866             0
  3867             0
  3868             0
  3869             0
  3870             1
  3871             0
  3872             0
  3873             0
  3874             0
  3875             0
  3876             1
  3877             1
  3878             0
  3879             0
  3880             0
  3881             0
  3882             0
  3883             1
  3884             1
  3885             0
  3886             0
  3887             0
  3888             0
  3889             0
  3890             0
  3891             0
  3892             0
  3893             0
  3894             1
  3895             0
  3896             0
  3897             0
  3898             0
  3899             0
  3900             0
  3901             0
  3902             1
  3903             0
  3904             3
  3905             0
  3906             1
  3907             0
  3908             0
  3909             0
  3910             0
  3911             0
  3912             1
  3913             1
  3914             2
  3915             1
  3916             1
  3917             2
  3918             0
  3919             1
  3920             0
  3921             1
  3922             0
  3923             0
  3924             1
  3925             3
  3926             1
  3927             0
  3928             1
  3929             0
  3930             1
  3931             0
  3932             1
  3933             0
  3934             0
  3935             1
  3936             0
  3937             0
  3938             1
  3939             0
  3940             0
  3941             0
  3942             0
  3943             0
  3944             0
  3945             0
  3946             0
  3947             0
  3948             1
  3949             0
  3950             4
  3951             3
  3952             2
  3953             0
  3954             1
  3955             0
  3956             2
  3957             1
  3958             2
  3959             1
  3960             1
  3961             0
  3962             0
  3963             2
  3964             2
  3965             0
  3966             2
  3967             1
  3968             3
  3969             1
  3970             1
  3971             1
  3972             2
  3973             4
  3974             0
  3975             2
  3976             1
  3977             6
  3978             3
  3979             1
  3980             4
  3981             8
  3982             8
  3983             6
  3984             2
  3985             3
  3986            10
  3987             7
  3988             6
  3989             6
  3990             8
  3991             9
  3992             8
  3993            16
  3994            12
  3995            12
  3996            10
  3997             8
  3998             8
  3999            13
  4000            18
  4001            15
  4002            10
  4003            21
  4004            19
  4005            10
  4006            15
  4007            16
  4008            17
  4009            16
  4010            17
  4011            22
  4012            11
  4013            17
  4014            20
  4015            16
  4016            12
  4017            28
  4018            13
  4019            18
  4020            19
  4021            16
  4022            14
  4023            16
  4024            14
  4025            22
  4026            13
  4027            14
  4028            10
  4029            17
  4030            15
  4031            21
  4032            14
  4033            12
  4034             9
  4035            13
  4036            10
  4037             8
  4038            12
  4039             5
  4040             8
  4041             6
  4042             6
  4043             7
  4044             7
  4045             5
  4046             6
  4047             5
  4048             2
  4049             4
  4050             4
  4051             4
  4052             4
  4053             3
  4054             2
  4055             1
  4056             2
  4057             1
  4058             0
  4059             2
  4060             2
  4061             1
  4062             3
  4063             0
  4064             0
  4065             0
  4066             1
  4067             1
  4068             1
  4069             0
  4070             2
  4071             1
  4072             1
  4073             1
  4074             0
  4075             1
  4076             1
  4077             0
  4078             1
  4079             0
  4080             1
  4081             0
  4082             1
  4083             1
  4084             0
  4085             1
  4086             1
  4087             0
  4088             0
  4089             1
  4090             0
  4091             0
  4092             0
  4093             1
  4094             0
  4095             0
