     0             0
     1             0
     2             0
     3             0
     4             0
     5             0
     6             0
     7             0
     8             0
     9             0
    10             0
    11             0
    12             0
    13             0
    14             0
    15             0
    16             0
    17             0
    18             0
    19             0
    20             0
    21             0
    22             0
    23             0
    24             0
    25             0
    26             0
    27             0
    28             0
    29             0
    30             0
    31             0
    32             0
    33             0
    34             0
    35             0
    36             0
    37             0
    38             0
    39             0
    40             0
    41             0
    42             0
    43             0
    44             0
    45             0
    46             1
    47             0
    48             0
    49             1
    50             0
    51             0
    52             0
    53             0
    54             0
    55             0
    56             0
    57             0
    58             0
    59             0
    60             0
    61             0
    62             0
    63             0
    64             0
    65             0
    66             0
    67             0
    68             0
    69             0
    70             0
    71             0
    72             0
    73             0
    74             0
    75             0
    76             0
    77             0
    78             0
    79             0
    80             0
    81             0
    82             0
    83             0
    84             0
    85             0
    86             0
    87             0
    88             0
    89             0
    90             0
    91             0
    92             0
    93             0
    94             0
    95             0
    96             0
    97             0
    98             0
    99             0
   100             0
   101             0
   102             0
   103             0
   104             0
   105             0
   106             0
   107             0
   108             0
   109             0
   110             0
   111             0
   112             0
   113             0
   114             0
   115             0
   116             1
   117             0
   118             0
   119             0
   120             0
   121             0
   122             0
   123             0
   124             0
   125             0
   126             0
   127             0
   128             0
   129             0
   130             0
   131             0
   132             0
   133             0
   134             0
   135             0
   136             0
   137             0
   138             0
   139             0
   140             0
   141             0
   142             0
   143             0
   144             0
   145             0
   146             0
   147             0
   148             0
   149             0
   150             0
   151             0
   152             0
   153             0
   154             0
   155             0
   156             0
   157             0
   158             0
   159             1
   160             5
   161             7
   162            21
   163            16
   164            12
   165            13
   166            12
   167            10
   168            10
   169            10
   170            12
   171             6
   172             9
   173             6
   174            11
   175            11
   176            10
   177            13
   178            12
   179             8
   180             3
   181            13
   182             7
   183             6
   184             4
   185             5
   186             7
   187            11
   188             4
   189             7
   190             6
   191             4
   192             3
   193             5
   194             6
   195             0
   196             9
   197             5
   198             4
   199             4
   200             2
   201             3
   202             4
   203             5
   204             9
   205             2
   206             1
   207             6
   208             2
   209             3
   210             3
   211             4
   212             1
   213             4
   214             3
   215             2
   216             4
   217             4
   218             4
   219             2
   220             0
   221             4
   222             2
   223             4
   224             3
   225             1
   226             5
   227             1
   228             0
   229             3
   230             0
   231             3
   232             2
   233             7
   234             2
   235             0
   236             2
   237             1
   238             0
   239             1
   240             2
   241             2
   242             2
   243             3
   244             1
   245             2
   246             2
   247             1
   248             2
   249             2
   250             5
   251             3
   252             0
   253             3
   254             0
   255             4
   256             2
   257             3
   258             1
   259             2
   260             1
   261             3
   262             4
   263             4
   264             3
   265             2
   266             2
   267             2
   268             1
   269             3
   270             0
   271             0
   272             1
   273             0
   274             1
   275             1
   276             2
   277             2
   278             1
   279             3
   280             1
   281             1
   282             0
   283             0
   284             0
   285             0
   286             0
   287             1
   288             2
   289             2
   290             2
   291             1
   292             1
   293             2
   294             0
   295             0
   296             0
   297             2
   298             0
   299             0
   300             1
   301             1
   302             0
   303             3
   304             0
   305             0
   306             1
   307             1
   308             1
   309             3
   310             1
   311             1
   312             0
   313             1
   314             1
   315             2
   316             2
   317             0
   318             2
   319             0
   320             0
   321             1
   322             1
   323             0
   324             3
   325             1
   326             0
   327             2
   328             1
   329             0
   330             1
   331             1
   332             2
   333             0
   334             1
   335             1
   336             2
   337             0
   338             3
   339             0
   340             0
   341             1
   342             1
   343             1
   344             0
   345             2
   346             1
   347             0
   348             4
   349             0
   350             0
   351             2
   352             1
   353             1
   354             1
   355             2
   356             2
   357             1
   358             1
   359             1
   360             1
   361             0
   362             1
   363             0
   364             1
   365             1
   366             1
   367             2
   368             1
   369             0
   370             1
   371             2
   372             0
   373             0
   374             0
   375             2
   376             1
   377             0
   378             0
   379             1
   380             1
   381             3
   382             2
   383             0
   384             0
   385             1
   386             0
   387             0
   388             2
   389             2
   390             0
   391             0
   392             1
   393             1
   394             2
   395             0
   396             1
   397             2
   398             1
   399             1
   400             1
   401             1
   402             2
   403             4
   404             0
   405             0
   406             2
   407             0
   408             2
   409             1
   410             1
   411             1
   412             2
   413             0
   414             0
   415             0
   416             1
   417             0
   418             2
   419             2
   420             1
   421             2
   422             2
   423             1
   424             0
   425             2
   426             2
   427             0
   428             1
   429             1
   430             0
   431             2
   432             0
   433             0
   434             0
   435             0
   436             0
   437             2
   438             4
   439             2
   440             1
   441             3
   442             1
   443             0
   444             1
   445             0
   446             2
   447             0
   448             1
   449             0
   450             0
   451             1
   452             0
   453             1
   454             0
   455             0
   456             1
   457             4
   458             0
   459             2
   460             2
   461             0
   462             1
   463             2
   464             1
   465             2
   466             0
   467             0
   468             1
   469             0
   470             1
   471             0
   472             0
   473             0
   474             1
   475             1
   476             0
   477             1
   478             0
   479             0
   480             1
   481             0
   482             0
   483             1
   484             0
   485             3
   486             0
   487             1
   488             0
   489             0
   490             2
   491             0
   492             1
   493             1
   494             0
   495             1
   496             0
   497             0
   498             3
   499             0
   500             0
   501             1
   502             2
   503             0
   504             0
   505             1
   506             1
   507             0
   508             0
   509             1
   510             1
   511             2
   512             0
   513             1
   514             1
   515             0
   516             1
   517             1
   518             1
   519             0
   520             1
   521             0
   522             0
   523             1
   524             1
   525             0
   526             0
   527             1
   528             2
   529             1
   530             0
   531             0
   532             0
   533             0
   534             2
   535             0
   536             0
   537             0
   538             1
   539             1
   540             0
   541             0
   542             1
   543             0
   544             0
   545             1
   546             0
   547             1
   548             0
   549             2
   550             0
   551             0
   552             0
   553             1
   554             0
   555             1
   556             1
   557             0
   558             2
   559             2
   560             2
   561             1
   562             1
   563             0
   564             1
   565             0
   566             4
   567             0
   568             0
   569             0
   570             0
   571             0
   572             2
   573             4
   574             2
   575             0
   576             3
   577             2
   578             0
   579             1
   580             0
   581             0
   582             1
   583             1
   584             1
   585             2
   586             1
   587             1
   588             0
   589             1
   590             2
   591             1
   592             0
   593             1
   594             1
   595             0
   596             0
   597             2
   598             1
   599             2
   600             1
   601             1
   602             0
   603             0
   604             0
   605             1
   606             1
   607             0
   608             1
   609             0
   610             0
   611             1
   612             1
   613             0
   614             1
   615             0
   616             1
   617             1
   618             0
   619             0
   620             0
   621             2
   622             1
   623             1
   624             1
   625             1
   626             1
   627             0
   628             1
   629             0
   630             0
   631             1
   632             2
   633             0
   634             1
   635             3
   636             1
   637             0
   638             2
   639             0
   640             1
   641             0
   642             0
   643             0
   644             1
   645             1
   646             2
   647             0
   648             1
   649             0
   650             1
   651             0
   652             1
   653             1
   654             1
   655             2
   656             0
   657             1
   658             1
   659             0
   660             3
   661             0
   662             0
   663             3
   664             1
   665             0
   666             0
   667             0
   668             0
   669             2
   670             1
   671             0
   672             1
   673             2
   674             3
   675             0
   676             1
   677             0
   678             0
   679             1
   680             2
   681             2
   682             0
   683             0
   684             0
   685             0
   686             0
   687             2
   688             2
   689             0
   690             1
   691             2
   692             1
   693             2
   694             0
   695             2
   696             1
   697             0
   698             1
   699             1
   700             0
   701             2
   702             1
   703             3
   704             1
   705             0
   706             1
   707             0
   708             1
   709             2
   710             0
   711             1
   712             2
   713             1
   714             2
   715             2
   716             0
   717             1
   718             0
   719             0
   720             3
   721             0
   722             0
   723             0
   724             1
   725             2
   726             0
   727             0
   728             1
   729             0
   730             1
   731             2
   732             1
   733             0
   734             0
   735             1
   736             0
   737             1
   738             1
   739             1
   740             1
   741             0
   742             1
   743             2
   744             2
   745             1
   746             1
   747             5
   748             2
   749             1
   750             1
   751             0
   752             0
   753             0
   754             2
   755             0
   756             0
   757             2
   758             0
   759             0
   760             3
   761             0
   762             2
   763             1
   764             1
   765             1
   766             1
   767             0
   768             1
   769             1
   770             0
   771             1
   772             0
   773             0
   774             1
   775             1
   776             2
   777             0
   778             1
   779             0
   780             1
   781             0
   782             1
   783             0
   784             1
   785             2
   786             1
   787             1
   788             2
   789             1
   790             3
   791             1
   792             3
   793             0
   794             1
   795             1
   796             1
   797             0
   798             1
   799             0
   800             0
   801             1
   802             3
   803             0
   804             2
   805             0
   806             2
   807             2
   808             1
   809             1
   810             0
   811             2
   812             0
   813             1
   814             0
   815             0
   816             0
   817             1
   818             2
   819             1
   820             1
   821             1
   822             0
   823             0
   824             1
   825             0
   826             3
   827             0
   828             1
   829             3
   830             2
   831             1
   832             0
   833             1
   834             1
   835             2
   836             1
   837             0
   838             2
   839             1
   840             1
   841             2
   842             1
   843             1
   844             0
   845             0
   846             0
   847             0
   848             2
   849             1
   850             2
   851             0
   852             5
   853             2
   854             4
   855             1
   856             2
   857             1
   858             0
   859             0
   860             0
   861             0
   862             0
   863             0
   864             0
   865             1
   866             1
   867             1
   868             0
   869             0
   870             1
   871             0
   872             1
   873             1
   874             0
   875             0
   876             1
   877             1
   878             2
   879             1
   880             1
   881             3
   882             1
   883             1
   884             1
   885             1
   886             2
   887             1
   888             0
   889             0
   890             2
   891             0
   892             1
   893             1
   894             2
   895             1
   896             1
   897             0
   898             0
   899             2
   900             2
   901             3
   902             0
   903             1
   904             0
   905             2
   906             0
   907             2
   908             0
   909             3
   910             0
   911             1
   912             3
   913             2
   914             2
   915             3
   916             0
   917             0
   918             1
   919             0
   920             2
   921             1
   922             2
   923             1
   924             0
   925             2
   926             3
   927             0
   928             2
   929             1
   930             0
   931             0
   932             0
   933             3
   934             2
   935             2
   936             2
   937             1
   938             0
   939             1
   940             0
   941             2
   942             0
   943             1
   944             1
   945             0
   946             1
   947             0
   948             0
   949             1
   950             3
   951             0
   952             2
   953             1
   954             1
   955             1
   956             3
   957             1
   958             0
   959             0
   960             1
   961             1
   962             4
   963             0
   964             0
   965             1
   966             1
   967             2
   968             0
   969             2
   970             1
   971             0
   972             1
   973             1
   974             0
   975             2
   976             1
   977             0
   978             0
   979             1
   980             1
   981             0
   982             1
   983             1
   984             2
   985             2
   986             3
   987             1
   988             0
   989             2
   990             1
   991             3
   992             1
   993             3
   994             2
   995             1
   996             0
   997             0
   998             1
   999             0
  1000             2
  1001             2
  1002             2
  1003             1
  1004             0
  1005             1
  1006             2
  1007             3
  1008             1
  1009             2
  1010             1
  1011             2
  1012             1
  1013             1
  1014             1
  1015             0
  1016             1
  1017             1
  1018             0
  1019             2
  1020             0
  1021             0
  1022             3
  1023             2
  1024             2
  1025             1
  1026             0
  1027             0
  1028             4
  1029             0
  1030             2
  1031             1
  1032             5
  1033             1
  1034             1
  1035             2
  1036             0
  1037             1
  1038             0
  1039             1
  1040             0
  1041             2
  1042             0
  1043             1
  1044             0
  1045             0
  1046             1
  1047             4
  1048             2
  1049             5
  1050             0
  1051             2
  1052             1
  1053             2
  1054             3
  1055             0
  1056             1
  1057             1
  1058             2
  1059             0
  1060             1
  1061             1
  1062             2
  1063             0
  1064             1
  1065             0
  1066             2
  1067             1
  1068             1
  1069             1
  1070             2
  1071             1
  1072             2
  1073             0
  1074             1
  1075             0
  1076             1
  1077             2
  1078             1
  1079             0
  1080             1
  1081             2
  1082             2
  1083             2
  1084             2
  1085             2
  1086             2
  1087             3
  1088             2
  1089             1
  1090             1
  1091             1
  1092             0
  1093             2
  1094             0
  1095             2
  1096             0
  1097             0
  1098             2
  1099             3
  1100             0
  1101             0
  1102             1
  1103             1
  1104             1
  1105             2
  1106             1
  1107             4
  1108             2
  1109             1
  1110             0
  1111             1
  1112             3
  1113             1
  1114             0
  1115             1
  1116             1
  1117             1
  1118             1
  1119             3
  1120             1
  1121             1
  1122             0
  1123             2
  1124             1
  1125             2
  1126             3
  1127             2
  1128             0
  1129             2
  1130             0
  1131             0
  1132             0
  1133             1
  1134             2
  1135             6
  1136             1
  1137             0
  1138             3
  1139             0
  1140             1
  1141             1
  1142             4
  1143             1
  1144             0
  1145             0
  1146             0
  1147             0
  1148             3
  1149             0
  1150             2
  1151             1
  1152             3
  1153             2
  1154             0
  1155             2
  1156             3
  1157             1
  1158             1
  1159             1
  1160             4
  1161             2
  1162             1
  1163             2
  1164             2
  1165             0
  1166             0
  1167             0
  1168             0
  1169             1
  1170             0
  1171             1
  1172             0
  1173             0
  1174             3
  1175             0
  1176             1
  1177             1
  1178             0
  1179             0
  1180             2
  1181             0
  1182             1
  1183             0
  1184             0
  1185             1
  1186             1
  1187             1
  1188             0
  1189             2
  1190             0
  1191             2
  1192             2
  1193             0
  1194             0
  1195             0
  1196             1
  1197             0
  1198             1
  1199             3
  1200             0
  1201             0
  1202             3
  1203             2
  1204             0
  1205             2
  1206             1
  1207             1
  1208             1
  1209             2
  1210             0
  1211             1
  1212             1
  1213             1
  1214             1
  1215             1
  1216             1
  1217             0
  1218             2
  1219             1
  1220             0
  1221             1
  1222             3
  1223             0
  1224             2
  1225             1
  1226             2
  1227             2
  1228             0
  1229             0
  1230             1
  1231             2
  1232             4
  1233             1
  1234             1
  1235             1
  1236             1
  1237             0
  1238             1
  1239             1
  1240             1
  1241             1
  1242             1
  1243             4
  1244             0
  1245             3
  1246             3
  1247             2
  1248             1
  1249             1
  1250             2
  1251             1
  1252             4
  1253             2
  1254             2
  1255             1
  1256             1
  1257             1
  1258             1
  1259             0
  1260             1
  1261             1
  1262             1
  1263             0
  1264             2
  1265             0
  1266             2
  1267             0
  1268             0
  1269             2
  1270             0
  1271             1
  1272             3
  1273             3
  1274             2
  1275             1
  1276             1
  1277             4
  1278             1
  1279             2
  1280             1
  1281             0
  1282             0
  1283             1
  1284             1
  1285             1
  1286             1
  1287             2
  1288             0
  1289             0
  1290             1
  1291             1
  1292             1
  1293             2
  1294             2
  1295             2
  1296             2
  1297             0
  1298             2
  1299             1
  1300             1
  1301             2
  1302             1
  1303             2
  1304             2
  1305             4
  1306             1
  1307             2
  1308             1
  1309             1
  1310             0
  1311             2
  1312             0
  1313             1
  1314             0
  1315             0
  1316             1
  1317             0
  1318             0
  1319             1
  1320             1
  1321             2
  1322             3
  1323             2
  1324             0
  1325             2
  1326             2
  1327             2
  1328             2
  1329             0
  1330             1
  1331             2
  1332             1
  1333             3
  1334             2
  1335             2
  1336             3
  1337             2
  1338             1
  1339             0
  1340             0
  1341             0
  1342             2
  1343             1
  1344             1
  1345             1
  1346             1
  1347             0
  1348             1
  1349             4
  1350             1
  1351             3
  1352             2
  1353             1
  1354             3
  1355             2
  1356             0
  1357             3
  1358             2
  1359             0
  1360             1
  1361             2
  1362             1
  1363             1
  1364             0
  1365             2
  1366             1
  1367             1
  1368             1
  1369             1
  1370             1
  1371             1
  1372             0
  1373             0
  1374             1
  1375             0
  1376             0
  1377             1
  1378             3
  1379             1
  1380             1
  1381             1
  1382             0
  1383             3
  1384             0
  1385             1
  1386             2
  1387             2
  1388             1
  1389             0
  1390             0
  1391             0
  1392             2
  1393             3
  1394             1
  1395             2
  1396             1
  1397             1
  1398             1
  1399             2
  1400             1
  1401             0
  1402             1
  1403             2
  1404             3
  1405             1
  1406             1
  1407             0
  1408             2
  1409             2
  1410             1
  1411             1
  1412             0
  1413             1
  1414             0
  1415             4
  1416             2
  1417             2
  1418             1
  1419             2
  1420             3
  1421             4
  1422             1
  1423             1
  1424             1
  1425             0
  1426             1
  1427             1
  1428             1
  1429             1
  1430             1
  1431             1
  1432             1
  1433             1
  1434             1
  1435             0
  1436             0
  1437             1
  1438             3
  1439             1
  1440             0
  1441             0
  1442             1
  1443             1
  1444             0
  1445             1
  1446             1
  1447             0
  1448             3
  1449             1
  1450             2
  1451             0
  1452             3
  1453             0
  1454             1
  1455             1
  1456             1
  1457             2
  1458             0
  1459             1
  1460             2
  1461             2
  1462             0
  1463             2
  1464             2
  1465             0
  1466             0
  1467             4
  1468             2
  1469             1
  1470             2
  1471             1
  1472             0
  1473             3
  1474             1
  1475             2
  1476             0
  1477             1
  1478             0
  1479             3
  1480             0
  1481             0
  1482             1
  1483             0
  1484             0
  1485             3
  1486             0
  1487             2
  1488             1
  1489             2
  1490             1
  1491             2
  1492             2
  1493             2
  1494             3
  1495             4
  1496             2
  1497             2
  1498             2
  1499             3
  1500             2
  1501             0
  1502             2
  1503             0
  1504             0
  1505             1
  1506             2
  1507             1
  1508             0
  1509             1
  1510             0
  1511             2
  1512             1
  1513             1
  1514             0
  1515             3
  1516             1
  1517             0
  1518             1
  1519             1
  1520             0
  1521             2
  1522             1
  1523             0
  1524             2
  1525             0
  1526             2
  1527             1
  1528             0
  1529             0
  1530             0
  1531             4
  1532             1
  1533             0
  1534             2
  1535             3
  1536             3
  1537             2
  1538             1
  1539             1
  1540             2
  1541             0
  1542             2
  1543             2
  1544             5
  1545             2
  1546             2
  1547             0
  1548             2
  1549             1
  1550             1
  1551             1
  1552             0
  1553             1
  1554             3
  1555             4
  1556             3
  1557             1
  1558             1
  1559             0
  1560             4
  1561             0
  1562             0
  1563             3
  1564             3
  1565             0
  1566             1
  1567             1
  1568             0
  1569             1
  1570             1
  1571             0
  1572             0
  1573             0
  1574             2
  1575             1
  1576             2
  1577             2
  1578             1
  1579             2
  1580             4
  1581             0
  1582             2
  1583             1
  1584             0
  1585             1
  1586             2
  1587             3
  1588             1
  1589             2
  1590             2
  1591             2
  1592             2
  1593             2
  1594             2
  1595             4
  1596             1
  1597             2
  1598             2
  1599             1
  1600             1
  1601             0
  1602             1
  1603             3
  1604             0
  1605             2
  1606             3
  1607             1
  1608             2
  1609             1
  1610             2
  1611             3
  1612             1
  1613             1
  1614             1
  1615             0
  1616             0
  1617             1
  1618             1
  1619             2
  1620             1
  1621             1
  1622             0
  1623             1
  1624             3
  1625             2
  1626             1
  1627             3
  1628             1
  1629             1
  1630             1
  1631             1
  1632             2
  1633             0
  1634             1
  1635             0
  1636             2
  1637             0
  1638             1
  1639             1
  1640             1
  1641             1
  1642             3
  1643             0
  1644             0
  1645             0
  1646             0
  1647             0
  1648             2
  1649             3
  1650             1
  1651             1
  1652             2
  1653             1
  1654             0
  1655             1
  1656             1
  1657             1
  1658             1
  1659             1
  1660             0
  1661             0
  1662             1
  1663             1
  1664             2
  1665             1
  1666             2
  1667             0
  1668             0
  1669             1
  1670             0
  1671             2
  1672             0
  1673             1
  1674             2
  1675             0
  1676             2
  1677             2
  1678             0
  1679             1
  1680             1
  1681             1
  1682             4
  1683             3
  1684             1
  1685             1
  1686             1
  1687             0
  1688             3
  1689             0
  1690             2
  1691             1
  1692             0
  1693             4
  1694             2
  1695             1
  1696             5
  1697             2
  1698             0
  1699             0
  1700             0
  1701             1
  1702             2
  1703             1
  1704             2
  1705             0
  1706             3
  1707             4
  1708             0
  1709             0
  1710             1
  1711             3
  1712             4
  1713             2
  1714             1
  1715             1
  1716             1
  1717             0
  1718             0
  1719             1
  1720             2
  1721             0
  1722             2
  1723             1
  1724             0
  1725             2
  1726             0
  1727             1
  1728             0
  1729             2
  1730             2
  1731             2
  1732             2
  1733             3
  1734             1
  1735             1
  1736             2
  1737             5
  1738             1
  1739             1
  1740             1
  1741             2
  1742             2
  1743             3
  1744             3
  1745             3
  1746             2
  1747             1
  1748             4
  1749             4
  1750             1
  1751             2
  1752             0
  1753             3
  1754             1
  1755             4
  1756             0
  1757             1
  1758             2
  1759             2
  1760             3
  1761             1
  1762             3
  1763             2
  1764             3
  1765             2
  1766             2
  1767             3
  1768             1
  1769             2
  1770             3
  1771             2
  1772             1
  1773             1
  1774             1
  1775             1
  1776             5
  1777             3
  1778             1
  1779             2
  1780             1
  1781             2
  1782             1
  1783             2
  1784             2
  1785             2
  1786             3
  1787             0
  1788             0
  1789             4
  1790             2
  1791             1
  1792             4
  1793             3
  1794             1
  1795             0
  1796             0
  1797             0
  1798             1
  1799             1
  1800             0
  1801             2
  1802             1
  1803             2
  1804             1
  1805             0
  1806             1
  1807             2
  1808             0
  1809             3
  1810             2
  1811             0
  1812             1
  1813             2
  1814             5
  1815             1
  1816             3
  1817             2
  1818             0
  1819             1
  1820             3
  1821             2
  1822             2
  1823             0
  1824             6
  1825             1
  1826             2
  1827             0
  1828             1
  1829             2
  1830             2
  1831             2
  1832             1
  1833             1
  1834             1
  1835             2
  1836             4
  1837             2
  1838             1
  1839             3
  1840             2
  1841             2
  1842             4
  1843             0
  1844             4
  1845             5
  1846             1
  1847             2
  1848             2
  1849             1
  1850             5
  1851             2
  1852             3
  1853             6
  1854             2
  1855             0
  1856             0
  1857             2
  1858             0
  1859             4
  1860             1
  1861             1
  1862             4
  1863             3
  1864             2
  1865             1
  1866             3
  1867             3
  1868             2
  1869             2
  1870             5
  1871             4
  1872             2
  1873             4
  1874             4
  1875             1
  1876             4
  1877             3
  1878             8
  1879             2
  1880             5
  1881             3
  1882             2
  1883             6
  1884             5
  1885             3
  1886             3
  1887             3
  1888             3
  1889             5
  1890             3
  1891             2
  1892             1
  1893             0
  1894             3
  1895             3
  1896             3
  1897             3
  1898             0
  1899             1
  1900             3
  1901             5
  1902             2
  1903             1
  1904             4
  1905             3
  1906             5
  1907             3
  1908             1
  1909             1
  1910             2
  1911             7
  1912             1
  1913             4
  1914             1
  1915             1
  1916             1
  1917             2
  1918             8
  1919             1
  1920             3
  1921             6
  1922             0
  1923             1
  1924             4
  1925             2
  1926             6
  1927             3
  1928             5
  1929             2
  1930             5
  1931             2
  1932             5
  1933             2
  1934             3
  1935             4
  1936             2
  1937             3
  1938             3
  1939             6
  1940             7
  1941             4
  1942             2
  1943             4
  1944             4
  1945             2
  1946             4
  1947             2
  1948             6
  1949             5
  1950             3
  1951             4
  1952             7
  1953             6
  1954             6
  1955             4
  1956             9
  1957             2
  1958             6
  1959             5
  1960             4
  1961             4
  1962             4
  1963            11
  1964             3
  1965             4
  1966             8
  1967             7
  1968             7
  1969             6
  1970             8
  1971             9
  1972             7
  1973             3
  1974             2
  1975             6
  1976             2
  1977             4
  1978             5
  1979             2
  1980             4
  1981             7
  1982             7
  1983             7
  1984             4
  1985             7
  1986             9
  1987             5
  1988             6
  1989             8
  1990             3
  1991            12
  1992            13
  1993             5
  1994             8
  1995            11
  1996             8
  1997            11
  1998             7
  1999             7
  2000            12
  2001             8
  2002            11
  2003             7
  2004            16
  2005             8
  2006            10
  2007            17
  2008            11
  2009             8
  2010            11
  2011            12
  2012            16
  2013            16
  2014            13
  2015            11
  2016            13
  2017            19
  2018            11
  2019            14
  2020            14
  2021            17
  2022            17
  2023            13
  2024            11
  2025            20
  2026            17
  2027            17
  2028            14
  2029            13
  2030            21
  2031            25
  2032            24
  2033            23
  2034            21
  2035            31
  2036            27
  2037            22
  2038            29
  2039            21
  2040            21
  2041            33
  2042            33
  2043            20
  2044            29
  2045            23
  2046            25
  2047            37
  2048            39
  2049            30
  2050            45
  2051            48
  2052            31
  2053            57
  2054            49
  2055            50
  2056            57
  2057            66
  2058            61
  2059            65
  2060            72
  2061            83
  2062            86
  2063            84
  2064            82
  2065            99
  2066            81
  2067           130
  2068           104
  2069           100
  2070           132
  2071           134
  2072           142
  2073           149
  2074           155
  2075           171
  2076           182
  2077           186
  2078           206
  2079           200
  2080           247
  2081           241
  2082           230
  2083           237
  2084           282
  2085           233
  2086           242
  2087           300
  2088           277
  2089           297
  2090           350
  2091           348
  2092           368
  2093           362
  2094           398
  2095           401
  2096           416
  2097           392
  2098           416
  2099           465
  2100           429
  2101           442
  2102           470
  2103           471
  2104           502
  2105           454
  2106           476
  2107           487
  2108           528
  2109           567
  2110           552
  2111           490
  2112           493
  2113           485
  2114           497
  2115           458
  2116           503
  2117           514
  2118           550
  2119           459
  2120           493
  2121           477
  2122           465
  2123           474
  2124           413
  2125           450
  2126           396
  2127           389
  2128           393
  2129           336
  2130           361
  2131           316
  2132           312
  2133           297
  2134           307
  2135           260
  2136           238
  2137           234
  2138           244
  2139           244
  2140           186
  2141           190
  2142           203
  2143           188
  2144           193
  2145           140
  2146           121
  2147           129
  2148           130
  2149           101
  2150           102
  2151            98
  2152            78
  2153            76
  2154            67
  2155            59
  2156            79
  2157            58
  2158            50
  2159            38
  2160            54
  2161            37
  2162            47
  2163            27
  2164            28
  2165            31
  2166            24
  2167            25
  2168            24
  2169            19
  2170            24
  2171            28
  2172            18
  2173            16
  2174            14
  2175            21
  2176            12
  2177            11
  2178            20
  2179            19
  2180            15
  2181            17
  2182            20
  2183            15
  2184            15
  2185            17
  2186            22
  2187            17
  2188            18
  2189            19
  2190            17
  2191            15
  2192            16
  2193            18
  2194            17
  2195            25
  2196            21
  2197            20
  2198            22
  2199            20
  2200            19
  2201            23
  2202            17
  2203            17
  2204            20
  2205            22
  2206            20
  2207            18
  2208            16
  2209            23
  2210            17
  2211            22
  2212            29
  2213            19
  2214            34
  2215            36
  2216            22
  2217            33
  2218            32
  2219            19
  2220            37
  2221            46
  2222            42
  2223            42
  2224            37
  2225            36
  2226            49
  2227            48
  2228            54
  2229            50
  2230            67
  2231            62
  2232            58
  2233            67
  2234            77
  2235            99
  2236            88
  2237           103
  2238           100
  2239           101
  2240           113
  2241           133
  2242           135
  2243           130
  2244           144
  2245           149
  2246           143
  2247           163
  2248           201
  2249           163
  2250           194
  2251           184
  2252           245
  2253           256
  2254           243
  2255           262
  2256           253
  2257           295
  2258           292
  2259           319
  2260           329
  2261           339
  2262           329
  2263           318
  2264           354
  2265           390
  2266           386
  2267           402
  2268           419
  2269           419
  2270           412
  2271           462
  2272           456
  2273           492
  2274           465
  2275           486
  2276           491
  2277           485
  2278           529
  2279           483
  2280           566
  2281           531
  2282           503
  2283           568
  2284           515
  2285           519
  2286           527
  2287           513
  2288           530
  2289           517
  2290           482
  2291           516
  2292           482
  2293           487
  2294           435
  2295           455
  2296           418
  2297           431
  2298           404
  2299           383
  2300           343
  2301           376
  2302           358
  2303           358
  2304           334
  2305           339
  2306           284
  2307           271
  2308           240
  2309           258
  2310           247
  2311           207
  2312           218
  2313           174
  2314           183
  2315           191
  2316           152
  2317           145
  2318           141
  2319           125
  2320           129
  2321           130
  2322            99
  2323            96
  2324            80
  2325            81
  2326            73
  2327            65
  2328            75
  2329            64
  2330            69
  2331            56
  2332            59
  2333            60
  2334            57
  2335            47
  2336            39
  2337            47
  2338            43
  2339            30
  2340            45
  2341            47
  2342            44
  2343            47
  2344            54
  2345            44
  2346            49
  2347            46
  2348            46
  2349            47
  2350            50
  2351            48
  2352            62
  2353            51
  2354            55
  2355            51
  2356            66
  2357            54
  2358            50
  2359            57
  2360            55
  2361            56
  2362            54
  2363            47
  2364            59
  2365            57
  2366            56
  2367            52
  2368            49
  2369            57
  2370            73
  2371            70
  2372            61
  2373            56
  2374            66
  2375            72
  2376            61
  2377            69
  2378            74
  2379            69
  2380            56
  2381            68
  2382            70
  2383            62
  2384            76
  2385            76
  2386            74
  2387            69
  2388            80
  2389            82
  2390            75
  2391            82
  2392            79
  2393            89
  2394           101
  2395            78
  2396           102
  2397           112
  2398           112
  2399           100
  2400           113
  2401           120
  2402           139
  2403           140
  2404           142
  2405           150
  2406           150
  2407           159
  2408           188
  2409           214
  2410           218
  2411           216
  2412           276
  2413           232
  2414           269
  2415           257
  2416           300
  2417           313
  2418           307
  2419           345
  2420           386
  2421           361
  2422           397
  2423           424
  2424           435
  2425           465
  2426           489
  2427           487
  2428           528
  2429           505
  2430           561
  2431           627
  2432           662
  2433           659
  2434           638
  2435           689
  2436           730
  2437           722
  2438           764
  2439           861
  2440           795
  2441           886
  2442           876
  2443           853
  2444           922
  2445           950
  2446           977
  2447           964
  2448           969
  2449          1002
  2450           991
  2451          1025
  2452          1040
  2453           994
  2454          1066
  2455          1007
  2456          1078
  2457          1073
  2458          1062
  2459          1073
  2460          1002
  2461           996
  2462           995
  2463           940
  2464           964
  2465          1051
  2466           961
  2467           933
  2468           920
  2469           846
  2470           893
  2471           790
  2472           828
  2473           777
  2474           746
  2475           733
  2476           693
  2477           668
  2478           621
  2479           612
  2480           627
  2481           534
  2482           511
  2483           476
  2484           427
  2485           417
  2486           413
  2487           346
  2488           330
  2489           326
  2490           301
  2491           244
  2492           244
  2493           201
  2494           220
  2495           173
  2496           163
  2497           160
  2498           131
  2499           131
  2500           108
  2501           100
  2502           102
  2503            80
  2504            69
  2505            66
  2506            65
  2507            61
  2508            46
  2509            37
  2510            40
  2511            31
  2512            34
  2513            32
  2514            26
  2515            27
  2516            20
  2517            24
  2518            21
  2519            22
  2520            10
  2521            21
  2522             9
  2523            13
  2524             9
  2525            20
  2526            21
  2527            16
  2528            13
  2529            19
  2530            19
  2531            17
  2532            16
  2533            19
  2534            23
  2535            23
  2536            15
  2537            20
  2538            25
  2539            22
  2540            23
  2541            26
  2542            26
  2543            30
  2544            24
  2545            38
  2546            21
  2547            27
  2548            20
  2549            26
  2550            35
  2551            33
  2552            24
  2553            30
  2554            30
  2555            24
  2556            37
  2557            23
  2558            32
  2559            32
  2560            23
  2561            33
  2562            33
  2563            33
  2564            34
  2565            21
  2566            25
  2567            25
  2568            28
  2569            23
  2570            23
  2571            25
  2572            22
  2573            15
  2574            22
  2575            27
  2576            17
  2577            20
  2578            16
  2579            15
  2580            10
  2581             9
  2582             3
  2583             8
  2584             6
  2585            15
  2586            12
  2587            10
  2588             9
  2589             8
  2590             3
  2591            10
  2592             5
  2593             3
  2594             8
  2595             9
  2596             5
  2597             7
  2598             3
  2599             3
  2600             4
  2601             2
  2602             1
  2603             2
  2604             4
  2605             1
  2606             4
  2607             2
  2608             3
  2609             5
  2610             4
  2611             2
  2612             2
  2613             2
  2614             4
  2615             6
  2616             0
  2617             2
  2618             1
  2619             2
  2620             2
  2621             1
  2622             2
  2623             3
  2624             0
  2625             4
  2626             1
  2627             2
  2628             2
  2629             3
  2630             2
  2631             1
  2632             4
  2633             6
  2634             1
  2635             0
  2636             3
  2637             3
  2638             0
  2639             1
  2640             4
  2641             2
  2642             3
  2643             0
  2644             2
  2645             1
  2646             1
  2647             0
  2648             1
  2649             0
  2650             0
  2651             1
  2652             1
  2653             1
  2654             2
  2655             1
  2656             2
  2657             3
  2658             0
  2659             4
  2660             2
  2661             1
  2662             0
  2663             0
  2664             2
  2665             1
  2666             2
  2667             0
  2668             1
  2669             0
  2670             0
  2671             0
  2672             1
  2673             1
  2674             1
  2675             1
  2676             1
  2677             0
  2678             0
  2679             0
  2680             3
  2681             0
  2682             1
  2683             2
  2684             2
  2685             5
  2686             1
  2687             2
  2688             2
  2689             2
  2690             1
  2691             0
  2692             0
  2693             1
  2694             1
  2695             3
  2696             2
  2697             2
  2698             2
  2699             3
  2700             1
  2701             0
  2702             4
  2703             1
  2704             3
  2705             2
  2706             4
  2707             2
  2708             6
  2709             4
  2710             2
  2711             4
  2712             3
  2713             4
  2714             3
  2715             8
  2716             3
  2717             5
  2718             8
  2719            10
  2720             5
  2721             8
  2722             6
  2723             4
  2724            11
  2725             5
  2726             5
  2727             5
  2728             5
  2729             5
  2730             6
  2731             8
  2732            10
  2733             9
  2734            12
  2735            10
  2736             8
  2737             6
  2738             8
  2739            10
  2740             7
  2741             9
  2742             8
  2743             4
  2744            16
  2745             8
  2746             9
  2747             5
  2748             7
  2749             8
  2750            13
  2751            11
  2752             7
  2753             7
  2754            10
  2755            10
  2756             5
  2757             7
  2758            11
  2759            10
  2760             4
  2761             4
  2762             7
  2763             4
  2764            10
  2765             8
  2766             5
  2767             5
  2768             4
  2769             3
  2770             4
  2771             1
  2772             2
  2773             3
  2774             6
  2775             4
  2776             4
  2777             2
  2778             3
  2779             5
  2780             1
  2781             6
  2782             3
  2783             1
  2784             5
  2785             2
  2786             2
  2787             4
  2788             2
  2789             1
  2790             2
  2791             0
  2792             1
  2793             3
  2794             5
  2795             3
  2796             4
  2797             1
  2798             1
  2799             6
  2800             4
  2801             0
  2802             2
  2803             0
  2804             6
  2805             3
  2806             0
  2807             4
  2808             6
  2809             4
  2810             6
  2811             7
  2812             4
  2813             2
  2814             3
  2815             5
  2816             3
  2817             6
  2818             4
  2819             8
  2820             6
  2821             4
  2822            11
  2823            10
  2824             9
  2825             9
  2826            17
  2827            10
  2828            12
  2829            21
  2830            14
  2831            23
  2832            15
  2833            27
  2834            14
  2835            22
  2836            16
  2837            25
  2838            19
  2839            25
  2840            21
  2841            18
  2842            19
  2843            31
  2844            34
  2845            25
  2846            31
  2847            26
  2848            26
  2849            38
  2850            31
  2851            21
  2852            19
  2853            29
  2854            30
  2855            31
  2856            34
  2857            27
  2858            28
  2859            35
  2860            30
  2861            38
  2862            26
  2863            21
  2864            44
  2865            15
  2866            19
  2867            24
  2868            18
  2869            24
  2870            28
  2871            23
  2872            17
  2873            17
  2874            21
  2875            16
  2876            21
  2877            16
  2878            17
  2879            19
  2880            13
  2881            10
  2882            15
  2883             7
  2884            10
  2885            11
  2886             7
  2887             7
  2888             9
  2889             6
  2890            12
  2891             6
  2892             2
  2893             7
  2894             5
  2895             3
  2896             3
  2897             4
  2898             6
  2899             2
  2900             5
  2901             5
  2902             1
  2903             3
  2904             1
  2905             2
  2906             2
  2907             3
  2908             3
  2909             3
  2910             1
  2911             1
  2912             1
  2913             4
  2914             0
  2915             3
  2916             0
  2917             0
  2918             1
  2919             1
  2920             0
  2921             1
  2922             0
  2923             0
  2924             1
  2925             0
  2926             0
  2927             0
  2928             0
  2929             2
  2930             0
  2931             0
  2932             0
  2933             0
  2934             1
  2935             0
  2936             0
  2937             3
  2938             0
  2939             1
  2940             0
  2941             0
  2942             0
  2943             0
  2944             1
  2945             1
  2946             1
  2947             1
  2948             0
  2949             0
  2950             1
  2951             2
  2952             2
  2953             1
  2954             0
  2955             1
  2956             1
  2957             1
  2958             1
  2959             1
  2960             1
  2961             0
  2962             3
  2963             0
  2964             1
  2965             0
  2966             2
  2967             2
  2968             0
  2969             0
  2970             0
  2971             1
  2972             0
  2973             1
  2974             1
  2975             0
  2976             3
  2977             2
  2978             0
  2979             0
  2980             1
  2981             1
  2982             1
  2983             1
  2984             0
  2985             2
  2986             2
  2987             1
  2988             0
  2989             1
  2990             0
  2991             2
  2992             2
  2993             1
  2994             0
  2995             0
  2996             1
  2997             0
  2998             1
  2999             2
  3000             1
  3001             0
  3002             1
  3003             0
  3004             1
  3005             0
  3006             2
  3007             1
  3008             1
  3009             1
  3010             2
  3011             1
  3012             2
  3013             3
  3014             0
  3015             0
  3016             1
  3017             2
  3018             2
  3019             0
  3020             0
  3021             4
  3022             1
  3023             0
  3024             1
  3025             2
  3026             1
  3027             3
  3028             2
  3029             0
  3030             2
  3031             0
  3032             0
  3033             0
  3034             3
  3035             0
  3036             1
  3037             1
  3038             1
  3039             4
  3040             0
  3041             3
  3042             3
  3043             4
  3044             3
  3045             3
  3046             2
  3047             1
  3048             4
  3049             1
  3050             4
  3051             7
  3052             6
  3053             8
  3054             3
  3055             3
  3056             9
  3057             4
  3058             8
  3059             5
  3060             8
  3061             5
  3062            17
  3063            12
  3064             7
  3065            13
  3066            12
  3067             8
  3068            15
  3069            12
  3070            15
  3071            18
  3072            16
  3073            17
  3074            15
  3075            21
  3076            23
  3077            22
  3078            24
  3079            27
  3080            22
  3081            20
  3082            19
  3083            29
  3084            29
  3085            24
  3086            31
  3087            32
  3088            29
  3089            32
  3090            27
  3091            40
  3092            24
  3093            35
  3094            45
  3095            29
  3096            40
  3097            28
  3098            30
  3099            19
  3100            28
  3101            22
  3102            25
  3103            23
  3104            29
  3105            29
  3106            15
  3107            18
  3108            27
  3109            20
  3110            22
  3111            24
  3112            24
  3113            12
  3114            20
  3115            16
  3116            10
  3117            22
  3118            10
  3119            13
  3120            11
  3121            10
  3122            10
  3123             5
  3124             8
  3125             6
  3126             5
  3127            11
  3128             5
  3129             2
  3130             5
  3131             2
  3132             5
  3133             4
  3134             0
  3135             4
  3136             0
  3137             2
  3138             0
  3139             1
  3140             2
  3141             1
  3142             2
  3143             1
  3144             0
  3145             0
  3146             1
  3147             2
  3148             0
  3149             0
  3150             0
  3151             0
  3152             0
  3153             0
  3154             1
  3155             1
  3156             1
  3157             0
  3158             0
  3159             1
  3160             0
  3161             2
  3162             0
  3163             0
  3164             1
  3165             0
  3166             2
  3167             0
  3168             0
  3169             0
  3170             0
  3171             0
  3172             2
  3173             0
  3174             1
  3175             0
  3176             0
  3177             1
  3178             1
  3179             0
  3180             0
  3181             0
  3182             0
  3183             0
  3184             1
  3185             1
  3186             0
  3187             0
  3188             1
  3189             0
  3190             2
  3191             1
  3192             0
  3193             0
  3194             0
  3195             0
  3196             0
  3197             3
  3198             0
  3199             0
  3200             1
  3201             4
  3202             3
  3203             1
  3204             1
  3205             3
  3206             0
  3207             1
  3208             0
  3209             1
  3210             0
  3211             1
  3212             2
  3213             1
  3214             4
  3215             2
  3216             2
  3217             3
  3218             4
  3219             2
  3220             2
  3221             1
  3222             4
  3223             3
  3224             3
  3225             2
  3226             3
  3227             2
  3228             3
  3229             1
  3230             4
  3231             5
  3232             1
  3233             4
  3234             2
  3235             2
  3236             6
  3237             5
  3238             3
  3239             3
  3240             3
  3241             3
  3242             2
  3243             2
  3244             4
  3245             4
  3246             1
  3247             2
  3248             0
  3249             6
  3250             0
  3251             2
  3252             2
  3253             2
  3254             4
  3255             3
  3256             1
  3257             2
  3258             0
  3259             0
  3260             1
  3261             4
  3262             1
  3263             3
  3264             0
  3265             1
  3266             1
  3267             1
  3268             1
  3269             0
  3270             0
  3271             0
  3272             0
  3273             1
  3274             0
  3275             0
  3276             0
  3277             0
  3278             0
  3279             1
  3280             0
  3281             0
  3282             0
  3283             1
  3284             0
  3285             0
  3286             0
  3287             0
  3288             0
  3289             0
  3290             0
  3291             1
  3292             0
  3293             0
  3294             0
  3295             1
  3296             0
  3297             0
  3298             0
  3299             1
  3300             0
  3301             0
  3302             1
  3303             1
  3304             0
  3305             1
  3306             0
  3307             0
  3308             0
  3309             0
  3310             0
  3311             0
  3312             0
  3313             0
  3314             1
  3315             0
  3316             1
  3317             0
  3318             1
  3319             1
  3320             0
  3321             0
  3322             0
  3323             0
  3324             0
  3325             0
  3326             0
  3327             0
  3328             0
  3329             0
  3330             0
  3331             0
  3332             0
  3333             0
  3334             0
  3335             0
  3336             0
  3337             0
  3338             0
  3339             0
  3340             0
  3341             0
  3342             0
  3343             0
  3344             0
  3345             0
  3346             0
  3347             0
  3348             0
  3349             1
  3350             0
  3351             1
  3352             0
  3353             0
  3354             0
  3355             2
  3356             0
  3357             0
  3358             0
  3359             0
  3360             0
  3361             0
  3362             0
  3363             1
  3364             0
  3365             1
  3366             1
  3367             0
  3368             0
  3369             0
  3370             0
  3371             0
  3372             1
  3373             0
  3374             1
  3375             0
  3376             1
  3377             1
  3378             1
  3379             1
  3380             0
  3381             0
  3382             0
  3383             0
  3384             0
  3385             1
  3386             0
  3387             0
  3388             0
  3389             0
  3390             0
  3391             1
  3392             0
  3393             0
  3394             1
  3395             0
  3396             0
  3397             0
  3398             0
  3399             1
  3400             0
  3401             0
  3402             0
  3403             1
  3404             0
  3405             0
  3406             0
  3407             0
  3408             1
  3409             0
  3410             1
  3411             0
  3412             0
  3413             0
  3414             0
  3415             0
  3416             0
  3417             0
  3418             0
  3419             0
  3420             0
  3421             2
  3422             0
  3423             0
  3424             0
  3425             0
  3426             0
  3427             0
  3428             0
  3429             0
  3430             0
  3431             0
  3432             0
  3433             0
  3434             0
  3435             0
  3436             0
  3437             1
  3438             0
  3439             0
  3440             0
  3441             0
  3442             0
  3443             0
  3444             0
  3445             0
  3446             0
  3447             0
  3448             2
  3449             0
  3450             0
  3451             0
  3452             1
  3453             0
  3454             0
  3455             1
  3456             0
  3457             0
  3458             0
  3459             1
  3460             0
  3461             0
  3462             0
  3463             0
  3464             0
  3465             0
  3466             0
  3467             0
  3468             0
  3469             0
  3470             0
  3471             0
  3472             0
  3473             1
  3474             0
  3475             0
  3476             0
  3477             1
  3478             0
  3479             0
  3480             0
  3481             0
  3482             0
  3483             0
  3484             1
  3485             0
  3486             0
  3487             1
  3488             0
  3489             0
  3490             1
  3491             0
  3492             1
  3493             0
  3494             0
  3495             0
  3496             0
  3497             0
  3498             1
  3499             0
  3500             0
  3501             0
  3502             0
  3503             1
  3504             0
  3505             0
  3506             0
  3507             0
  3508             0
  3509             1
  3510             0
  3511             0
  3512             0
  3513             0
  3514             0
  3515             0
  3516             0
  3517             1
  3518             0
  3519             1
  3520             0
  3521             0
  3522             0
  3523             0
  3524             0
  3525             0
  3526             0
  3527             0
  3528             1
  3529             0
  3530             1
  3531             0
  3532             0
  3533             0
  3534             0
  3535             0
  3536             0
  3537             0
  3538             0
  3539             0
  3540             0
  3541             0
  3542             0
  3543             1
  3544             0
  3545             0
  3546             1
  3547             2
  3548             0
  3549             1
  3550             0
  3551             0
  3552             1
  3553             0
  3554             0
  3555             0
  3556             1
  3557             0
  3558             0
  3559             2
  3560             0
  3561             1
  3562             0
  3563             1
  3564             0
  3565             0
  3566             0
  3567             1
  3568             0
  3569             1
  3570             1
  3571             1
  3572             0
  3573             0
  3574             0
  3575             1
  3576             0
  3577             1
  3578             1
  3579             0
  3580             0
  3581             0
  3582             0
  3583             0
  3584             1
  3585             0
  3586             1
  3587             1
  3588             0
  3589             1
  3590             0
  3591             0
  3592             1
  3593             0
  3594             1
  3595             1
  3596             1
  3597             0
  3598             1
  3599             0
  3600             0
  3601             0
  3602             0
  3603             0
  3604             0
  3605             0
  3606             0
  3607             0
  3608             0
  3609             0
  3610             0
  3611             0
  3612             0
  3613             0
  3614             0
  3615             0
  3616             1
  3617             1
  3618             0
  3619             0
  3620             0
  3621             1
  3622             0
  3623             0
  3624             0
  3625             0
  3626             0
  3627             0
  3628             1
  3629             0
  3630             0
  3631             0
  3632             0
  3633             0
  3634             1
  3635             2
  3636             1
  3637             0
  3638             1
  3639             0
  3640             0
  3641             0
  3642             1
  3643             0
  3644             0
  3645             0
  3646             1
  3647             0
  3648             0
  3649             0
  3650             0
  3651             0
  3652             0
  3653             0
  3654             0
  3655             0
  3656             0
  3657             0
  3658             0
  3659             0
  3660             0
  3661             0
  3662             0
  3663             0
  3664             0
  3665             0
  3666             0
  3667             0
  3668             1
  3669             1
  3670             0
  3671             0
  3672             0
  3673             0
  3674             0
  3675             0
  3676             0
  3677             0
  3678             0
  3679             0
  3680             0
  3681             0
  3682             0
  3683             0
  3684             0
  3685             0
  3686             0
  3687             0
  3688             1
  3689             0
  3690             1
  3691             0
  3692             0
  3693             0
  3694             0
  3695             0
  3696             0
  3697             0
  3698             0
  3699             0
  3700             0
  3701             0
  3702             0
  3703             0
  3704             0
  3705             0
  3706             0
  3707             0
  3708             0
  3709             0
  3710             1
  3711             0
  3712             0
  3713             0
  3714             0
  3715             0
  3716             0
  3717             0
  3718             0
  3719             0
  3720             0
  3721             0
  3722             0
  3723             1
  3724             0
  3725             0
  3726             0
  3727             0
  3728             0
  3729             1
  3730             0
  3731             0
  3732             1
  3733             0
  3734             0
  3735             1
  3736             0
  3737             0
  3738             0
  3739             0
  3740             0
  3741             0
  3742             0
  3743             0
  3744             0
  3745             0
  3746             2
  3747             2
  3748             0
  3749             0
  3750             0
  3751             0
  3752             1
  3753             0
  3754             0
  3755             2
  3756             1
  3757             0
  3758             0
  3759             0
  3760             0
  3761             0
  3762             1
  3763             0
  3764             1
  3765             0
  3766             0
  3767             0
  3768             0
  3769             0
  3770             0
  3771             0
  3772             0
  3773             0
  3774             0
  3775             1
  3776             0
  3777             0
  3778             0
  3779             0
  3780             0
  3781             0
  3782             0
  3783             0
  3784             0
  3785             1
  3786             0
  3787             0
  3788             0
  3789             1
  3790             0
  3791             0
  3792             0
  3793             0
  3794             1
  3795             0
  3796             1
  3797             1
  3798             4
  3799             2
  3800             0
  3801             0
  3802             0
  3803             0
  3804             1
  3805             0
  3806             0
  3807             0
  3808             1
  3809             1
  3810             0
  3811             0
  3812             1
  3813             0
  3814             1
  3815             0
  3816             1
  3817             0
  3818             1
  3819             2
  3820             0
  3821             1
  3822             0
  3823             0
  3824             1
  3825             1
  3826             1
  3827             0
  3828             2
  3829             1
  3830             2
  3831             4
  3832             1
  3833             1
  3834             0
  3835             1
  3836             5
  3837             1
  3838             3
  3839             3
  3840             3
  3841             2
  3842             2
  3843             7
  3844             1
  3845             4
  3846             4
  3847             2
  3848             1
  3849             5
  3850             1
  3851             3
  3852             2
  3853             5
  3854             0
  3855             3
  3856             2
  3857             2
  3858             1
  3859             3
  3860             7
  3861             0
  3862             4
  3863             5
  3864             2
  3865             2
  3866             3
  3867             2
  3868             3
  3869             2
  3870             1
  3871             1
  3872             4
  3873             4
  3874             2
  3875             3
  3876             2
  3877             2
  3878             2
  3879             3
  3880             2
  3881             0
  3882             2
  3883             1
  3884             0
  3885             3
  3886             0
  3887             1
  3888             1
  3889             0
  3890             0
  3891             0
  3892             1
  3893             0
  3894             2
  3895             0
  3896             0
  3897             1
  3898             0
  3899             0
  3900             0
  3901             0
  3902             0
  3903             2
  3904             2
  3905             0
  3906             0
  3907             1
  3908             0
  3909             0
  3910             0
  3911             0
  3912             0
  3913             1
  3914             0
  3915             0
  3916             0
  3917             0
  3918             0
  3919             0
  3920             0
  3921             1
  3922             1
  3923             0
  3924             1
  3925             1
  3926             1
  3927             1
  3928             0
  3929             1
  3930             0
  3931             0
  3932             1
  3933             1
  3934             0
  3935             0
  3936             1
  3937             1
  3938             0
  3939             0
  3940             0
  3941             1
  3942             2
  3943             1
  3944             0
  3945             1
  3946             1
  3947             0
  3948             0
  3949             0
  3950             1
  3951             0
  3952             0
  3953             1
  3954             0
  3955             0
  3956             1
  3957             0
  3958             1
  3959             1
  3960             0
  3961             1
  3962             1
  3963             0
  3964             0
  3965             1
  3966             0
  3967             0
  3968             0
  3969             1
  3970             1
  3971             1
  3972             0
  3973             0
  3974             2
  3975             0
  3976             1
  3977             1
  3978             1
  3979             0
  3980             1
  3981             0
  3982             1
  3983             0
  3984             0
  3985             0
  3986             1
  3987             2
  3988             0
  3989             0
  3990             3
  3991             0
  3992             2
  3993             1
  3994             3
  3995             4
  3996             1
  3997             4
  3998             3
  3999             3
  4000             2
  4001             3
  4002             0
  4003             2
  4004             2
  4005             2
  4006             0
  4007             3
  4008             5
  4009             6
  4010             6
  4011             7
  4012             4
  4013             9
  4014             0
  4015             9
  4016            11
  4017             8
  4018             8
  4019             8
  4020             9
  4021            10
  4022             7
  4023             9
  4024             4
  4025             9
  4026             9
  4027            14
  4028            12
  4029            16
  4030            22
  4031            12
  4032            15
  4033            18
  4034            22
  4035            12
  4036            22
  4037            13
  4038            17
  4039            14
  4040            19
  4041            22
  4042            22
  4043            15
  4044            15
  4045            17
  4046            14
  4047             8
  4048            16
  4049            22
  4050            12
  4051            13
  4052            16
  4053            19
  4054            10
  4055            24
  4056            21
  4057            13
  4058            15
  4059            13
  4060            11
  4061            12
  4062             8
  4063            18
  4064            12
  4065             6
  4066             7
  4067             5
  4068             9
  4069            11
  4070            10
  4071             6
  4072             6
  4073             8
  4074             6
  4075             3
  4076             4
  4077             5
  4078             5
  4079             1
  4080             3
  4081             4
  4082             1
  4083             0
  4084             0
  4085             3
  4086             1
  4087             0
  4088             1
  4089             2
  4090             0
  4091             0
  4092             3
  4093             1
  4094             1
  4095             1
