     0             0
     1             0
     2             0
     3             0
     4             0
     5             0
     6             0
     7             0
     8             0
     9             0
    10             0
    11             0
    12             0
    13             0
    14             0
    15             0
    16             0
    17             0
    18             0
    19             0
    20             0
    21             0
    22             0
    23             0
    24             0
    25             0
    26             0
    27             0
    28             0
    29             0
    30             0
    31             0
    32             0
    33             0
    34             0
    35             0
    36             0
    37             0
    38             0
    39             0
    40             0
    41             0
    42             0
    43             0
    44             0
    45             0
    46             2
    47            10
    48            16
    49             6
    50             8
    51             5
    52             0
    53             0
    54             0
    55             1
    56             0
    57             0
    58             0
    59             0
    60             0
    61             0
    62             0
    63             0
    64             0
    65             0
    66             0
    67             0
    68             0
    69             0
    70             0
    71             0
    72             0
    73             0
    74             0
    75             0
    76             0
    77             0
    78             0
    79             0
    80             0
    81             0
    82             0
    83             0
    84             0
    85             0
    86             0
    87             0
    88             0
    89             0
    90             0
    91             0
    92             0
    93             0
    94             0
    95             0
    96             0
    97             0
    98             0
    99             0
   100             0
   101             0
   102             0
   103             0
   104             0
   105             0
   106             0
   107             0
   108             0
   109             0
   110             0
   111             0
   112             0
   113             0
   114             0
   115             0
   116             0
   117             0
   118             0
   119             0
   120             0
   121             0
   122             0
   123             0
   124             0
   125             0
   126             0
   127             0
   128             0
   129             0
   130             1
   131             0
   132             0
   133             0
   134             0
   135             0
   136             0
   137             0
   138             0
   139             0
   140             0
   141             0
   142             0
   143             0
   144             0
   145             0
   146             0
   147             0
   148             0
   149             0
   150             0
   151             0
   152             0
   153             0
   154             0
   155             0
   156             0
   157             0
   158             0
   159             1
   160             1
   161             6
   162             6
   163             8
   164             9
   165             2
   166             3
   167             3
   168             3
   169             3
   170             1
   171             3
   172             2
   173             5
   174             4
   175             3
   176             1
   177             4
   178             1
   179             0
   180             4
   181             2
   182             3
   183             2
   184             1
   185             1
   186             1
   187             3
   188             1
   189             1
   190             2
   191             1
   192             0
   193             1
   194             2
   195             0
   196             1
   197             4
   198             1
   199             0
   200             1
   201             0
   202             0
   203             2
   204             1
   205             4
   206             2
   207             0
   208             2
   209             1
   210             2
   211             2
   212             3
   213             3
   214             4
   215             1
   216             1
   217             2
   218             1
   219             1
   220             1
   221             0
   222             3
   223             1
   224             1
   225             1
   226             0
   227             0
   228             3
   229             1
   230             3
   231             0
   232             0
   233             1
   234             3
   235             1
   236             2
   237             0
   238             2
   239             1
   240             2
   241             2
   242             2
   243             0
   244             1
   245             2
   246             0
   247             1
   248             2
   249             2
   250             1
   251             1
   252             0
   253             3
   254             1
   255             1
   256             1
   257             0
   258             0
   259             0
   260             1
   261             2
   262             0
   263             0
   264             1
   265             0
   266             1
   267             1
   268             0
   269             0
   270             2
   271             0
   272             0
   273             2
   274             0
   275             0
   276             2
   277             0
   278             2
   279             1
   280             0
   281             0
   282             0
   283             1
   284             1
   285             2
   286             3
   287             1
   288             1
   289             1
   290             2
   291             0
   292             0
   293             1
   294             0
   295             2
   296             0
   297             1
   298             1
   299             0
   300             1
   301             0
   302             1
   303             1
   304             3
   305             2
   306             0
   307             0
   308             1
   309             0
   310             0
   311             0
   312             0
   313             1
   314             2
   315             3
   316             0
   317             1
   318             3
   319             0
   320             1
   321             1
   322             1
   323             1
   324             1
   325             0
   326             1
   327             5
   328             0
   329             0
   330             3
   331             1
   332             2
   333             0
   334             2
   335             2
   336             0
   337             1
   338             2
   339             1
   340             0
   341             2
   342             0
   343             2
   344             1
   345             3
   346             1
   347             1
   348             0
   349             0
   350             1
   351             0
   352             3
   353             1
   354             1
   355             1
   356             1
   357             0
   358             0
   359             3
   360             1
   361             0
   362             0
   363             0
   364             0
   365             1
   366             3
   367             0
   368             1
   369             1
   370             2
   371             0
   372             2
   373             2
   374             0
   375             1
   376             2
   377             0
   378             0
   379             1
   380             2
   381             1
   382             0
   383             1
   384             1
   385             0
   386             1
   387             4
   388             2
   389             1
   390             4
   391             0
   392             0
   393             1
   394             0
   395             0
   396             1
   397             1
   398             2
   399             2
   400             0
   401             1
   402             0
   403             1
   404             1
   405             0
   406             1
   407             3
   408             0
   409             2
   410             0
   411             3
   412             1
   413             1
   414             1
   415             1
   416             0
   417             1
   418             1
   419             0
   420             0
   421             1
   422             0
   423             2
   424             2
   425             0
   426             2
   427             1
   428             1
   429             1
   430             2
   431             0
   432             0
   433             2
   434             1
   435             3
   436             1
   437             3
   438             0
   439             1
   440             1
   441             1
   442             0
   443             1
   444             4
   445             2
   446             0
   447             1
   448             0
   449             1
   450             4
   451             1
   452             1
   453             2
   454             1
   455             1
   456             0
   457             1
   458             0
   459             1
   460             1
   461             2
   462             2
   463             0
   464             0
   465             3
   466             0
   467             2
   468             1
   469             2
   470             6
   471             1
   472             1
   473             2
   474             0
   475             1
   476             1
   477             1
   478             2
   479             4
   480             0
   481             1
   482             1
   483             1
   484             3
   485             1
   486             0
   487             4
   488             0
   489             2
   490             2
   491             1
   492             2
   493             0
   494             0
   495             0
   496             0
   497             0
   498             0
   499             0
   500             2
   501             1
   502             0
   503             1
   504             0
   505             1
   506             1
   507             1
   508             0
   509             2
   510             2
   511             3
   512             1
   513             3
   514             1
   515             3
   516             2
   517             0
   518             2
   519             0
   520             0
   521             0
   522             1
   523             2
   524             1
   525             1
   526             4
   527             3
   528             0
   529             1
   530             2
   531             2
   532             0
   533             2
   534             1
   535             2
   536             3
   537             0
   538             3
   539             1
   540             0
   541             2
   542             0
   543             0
   544             0
   545             1
   546             1
   547             0
   548             0
   549             0
   550             0
   551             1
   552             1
   553             2
   554             5
   555             1
   556             0
   557             0
   558             0
   559             0
   560             0
   561             2
   562             2
   563             2
   564             2
   565             3
   566             1
   567             0
   568             0
   569             0
   570             2
   571             1
   572             2
   573             4
   574             1
   575             1
   576             0
   577             0
   578             1
   579             1
   580             3
   581             0
   582             2
   583             4
   584             1
   585             1
   586             1
   587             2
   588             0
   589             1
   590             1
   591             2
   592             1
   593             0
   594             1
   595             0
   596             2
   597             1
   598             2
   599             2
   600             1
   601             0
   602             3
   603             3
   604             1
   605             0
   606             1
   607             1
   608             1
   609             0
   610             0
   611             0
   612             1
   613             1
   614             0
   615             1
   616             2
   617             2
   618             2
   619             1
   620             1
   621             1
   622             1
   623             0
   624             0
   625             0
   626             1
   627             2
   628             1
   629             0
   630             1
   631             1
   632             1
   633             4
   634             0
   635             0
   636             1
   637             2
   638             0
   639             2
   640             1
   641             1
   642             1
   643             0
   644             2
   645             0
   646             0
   647             1
   648             1
   649             2
   650             1
   651             1
   652             0
   653             2
   654             2
   655             2
   656             1
   657             0
   658             0
   659             1
   660             1
   661             2
   662             1
   663             0
   664             0
   665             2
   666             0
   667             1
   668             1
   669             0
   670             3
   671             3
   672             3
   673             2
   674             2
   675             4
   676             0
   677             0
   678             1
   679             3
   680             1
   681             1
   682             1
   683             0
   684             0
   685             0
   686             0
   687             4
   688             1
   689             1
   690             1
   691             1
   692             1
   693             0
   694             2
   695             0
   696             5
   697             2
   698             1
   699             1
   700             1
   701             0
   702             1
   703             2
   704             1
   705             1
   706             6
   707             1
   708             0
   709             2
   710             1
   711             0
   712             0
   713             1
   714             2
   715             1
   716             1
   717             1
   718             1
   719             2
   720             1
   721             2
   722             1
   723             0
   724             1
   725             0
   726             3
   727             2
   728             0
   729             1
   730             3
   731             1
   732             2
   733             0
   734             1
   735             3
   736             1
   737             0
   738             2
   739             0
   740             2
   741             3
   742             1
   743             1
   744             4
   745             0
   746             2
   747             4
   748             1
   749             1
   750             1
   751             2
   752             3
   753             0
   754             0
   755             0
   756             1
   757             0
   758             3
   759             1
   760             0
   761             2
   762             4
   763             1
   764             0
   765             3
   766             0
   767             1
   768             2
   769             0
   770             1
   771             2
   772             2
   773             1
   774             2
   775             2
   776             2
   777             3
   778             3
   779             3
   780             1
   781             0
   782             2
   783             1
   784             2
   785             0
   786             2
   787             1
   788             1
   789             1
   790             0
   791             4
   792             3
   793             5
   794             5
   795             3
   796             1
   797             3
   798             1
   799             0
   800             0
   801             1
   802             2
   803             2
   804             3
   805             0
   806             2
   807             1
   808             3
   809             2
   810             3
   811             1
   812             1
   813             0
   814             0
   815             2
   816             2
   817             3
   818             0
   819             1
   820             0
   821             0
   822             0
   823             3
   824             2
   825             1
   826             3
   827             4
   828             1
   829             1
   830             1
   831             3
   832             3
   833             1
   834             2
   835             1
   836             1
   837             4
   838             0
   839             1
   840             1
   841             1
   842             2
   843             1
   844             0
   845             2
   846             1
   847             2
   848             2
   849             1
   850             1
   851             1
   852             0
   853             2
   854             0
   855             2
   856             2
   857             2
   858             0
   859             3
   860             2
   861             2
   862             4
   863             0
   864             3
   865             1
   866             3
   867             1
   868             3
   869             5
   870             0
   871             1
   872             4
   873             2
   874             1
   875             1
   876             2
   877             4
   878             1
   879             2
   880             0
   881             5
   882             0
   883             1
   884             1
   885             0
   886             2
   887             3
   888             0
   889             1
   890             2
   891             2
   892             1
   893             2
   894             0
   895             4
   896             0
   897             1
   898             2
   899             3
   900             0
   901             0
   902             0
   903             2
   904             3
   905             2
   906             2
   907             1
   908             3
   909             1
   910             4
   911             3
   912             0
   913             0
   914             1
   915             1
   916             0
   917             0
   918             2
   919             0
   920             2
   921             0
   922             3
   923             1
   924             1
   925             3
   926             1
   927             0
   928             4
   929             2
   930             2
   931             2
   932             3
   933             3
   934             0
   935             0
   936             0
   937             2
   938             2
   939             0
   940             3
   941             1
   942             0
   943             3
   944             0
   945             1
   946             1
   947             1
   948             2
   949             4
   950             3
   951             0
   952             0
   953             5
   954             2
   955             4
   956             1
   957             3
   958             1
   959             1
   960             3
   961             3
   962             1
   963             2
   964             2
   965             0
   966             1
   967             0
   968             1
   969             2
   970             4
   971             1
   972             2
   973             5
   974             5
   975             2
   976             2
   977             0
   978             1
   979             1
   980             3
   981             4
   982             1
   983             2
   984             0
   985             1
   986             1
   987             0
   988             2
   989             2
   990             0
   991             4
   992             3
   993             0
   994             1
   995             2
   996             2
   997             1
   998             1
   999             2
  1000             1
  1001             3
  1002             2
  1003             2
  1004             2
  1005             2
  1006             1
  1007             2
  1008             4
  1009             0
  1010             2
  1011             0
  1012             0
  1013             3
  1014             4
  1015             0
  1016             1
  1017             0
  1018             3
  1019             3
  1020             2
  1021             0
  1022             3
  1023             1
  1024             1
  1025             6
  1026             2
  1027             3
  1028             4
  1029             2
  1030             1
  1031             2
  1032             3
  1033             3
  1034             4
  1035             1
  1036             4
  1037             2
  1038             4
  1039             6
  1040             2
  1041             2
  1042             1
  1043             3
  1044             1
  1045             2
  1046             2
  1047             2
  1048             2
  1049             2
  1050             2
  1051             3
  1052             3
  1053             4
  1054             1
  1055             4
  1056             4
  1057             0
  1058             6
  1059             2
  1060             1
  1061             3
  1062             2
  1063             0
  1064             2
  1065             1
  1066             3
  1067             1
  1068             2
  1069             1
  1070             2
  1071             4
  1072             2
  1073             2
  1074             0
  1075             4
  1076             1
  1077             1
  1078             2
  1079             3
  1080             3
  1081             2
  1082             3
  1083             3
  1084             2
  1085             1
  1086             2
  1087             3
  1088             3
  1089             3
  1090             3
  1091             2
  1092             1
  1093             2
  1094             1
  1095             2
  1096             1
  1097             1
  1098             3
  1099             4
  1100             4
  1101             1
  1102             1
  1103             0
  1104             4
  1105             2
  1106             0
  1107             3
  1108             2
  1109             1
  1110             3
  1111             3
  1112             3
  1113             5
  1114             5
  1115             2
  1116             2
  1117             2
  1118             2
  1119             2
  1120             2
  1121             2
  1122             2
  1123             3
  1124             0
  1125             1
  1126             2
  1127             1
  1128             1
  1129             2
  1130             1
  1131             3
  1132             1
  1133             4
  1134             2
  1135             2
  1136             3
  1137             4
  1138             4
  1139             3
  1140             4
  1141             1
  1142             2
  1143             9
  1144             2
  1145             7
  1146             3
  1147             1
  1148             6
  1149             3
  1150             1
  1151             0
  1152             1
  1153             2
  1154             2
  1155             0
  1156             2
  1157             2
  1158             2
  1159             5
  1160             2
  1161             3
  1162             1
  1163             0
  1164             7
  1165             1
  1166             3
  1167             2
  1168             0
  1169             2
  1170             2
  1171             2
  1172             1
  1173             3
  1174             2
  1175             2
  1176             3
  1177             2
  1178             3
  1179             4
  1180             1
  1181             1
  1182             7
  1183             4
  1184             5
  1185             1
  1186             1
  1187             3
  1188             6
  1189             3
  1190             2
  1191             5
  1192             3
  1193             1
  1194             4
  1195             1
  1196             4
  1197             1
  1198             1
  1199             0
  1200             2
  1201             5
  1202             0
  1203             3
  1204             5
  1205             0
  1206             3
  1207             6
  1208             4
  1209             3
  1210             6
  1211             1
  1212             4
  1213             3
  1214             1
  1215             4
  1216             3
  1217             2
  1218             3
  1219             2
  1220             4
  1221             4
  1222             7
  1223             2
  1224             2
  1225             1
  1226             5
  1227             3
  1228             3
  1229             2
  1230             1
  1231             3
  1232             4
  1233             2
  1234             2
  1235             1
  1236             3
  1237             0
  1238             3
  1239             2
  1240             5
  1241             1
  1242             3
  1243             7
  1244             4
  1245             3
  1246             4
  1247             8
  1248             5
  1249             1
  1250             4
  1251             3
  1252             2
  1253             0
  1254             4
  1255             0
  1256             1
  1257             4
  1258             3
  1259             1
  1260             1
  1261             5
  1262             1
  1263             4
  1264             2
  1265             2
  1266             1
  1267             4
  1268             3
  1269             3
  1270             2
  1271             1
  1272             6
  1273             3
  1274             4
  1275             3
  1276             7
  1277             1
  1278             6
  1279             1
  1280             1
  1281             0
  1282             5
  1283             4
  1284             1
  1285             7
  1286             3
  1287             5
  1288             3
  1289             6
  1290             2
  1291             3
  1292             1
  1293             5
  1294             4
  1295             6
  1296             3
  1297             4
  1298             5
  1299             0
  1300             4
  1301             3
  1302             1
  1303             2
  1304             6
  1305             4
  1306             2
  1307             3
  1308             0
  1309             3
  1310             2
  1311             1
  1312             3
  1313             4
  1314             2
  1315             6
  1316             3
  1317             1
  1318             3
  1319             2
  1320             2
  1321             6
  1322             2
  1323             2
  1324             5
  1325             1
  1326             2
  1327             4
  1328             3
  1329             2
  1330             3
  1331             2
  1332             3
  1333             4
  1334             4
  1335             2
  1336             1
  1337             2
  1338             2
  1339             1
  1340             4
  1341             5
  1342             6
  1343             6
  1344             1
  1345             3
  1346             4
  1347             5
  1348             3
  1349             6
  1350             2
  1351             3
  1352             5
  1353             5
  1354             1
  1355             1
  1356             2
  1357             6
  1358             8
  1359             1
  1360             2
  1361             2
  1362             2
  1363             1
  1364             6
  1365             1
  1366             4
  1367             4
  1368             2
  1369             1
  1370             4
  1371             7
  1372             6
  1373             4
  1374             6
  1375             0
  1376             3
  1377             2
  1378             5
  1379             6
  1380             3
  1381             4
  1382             2
  1383             4
  1384             3
  1385             3
  1386             1
  1387             4
  1388             4
  1389             6
  1390             2
  1391             4
  1392             5
  1393             1
  1394             5
  1395             4
  1396             7
  1397             0
  1398             6
  1399             5
  1400             2
  1401             6
  1402             1
  1403             5
  1404             2
  1405             2
  1406             5
  1407             1
  1408             3
  1409             5
  1410             7
  1411             3
  1412             0
  1413             4
  1414             5
  1415             4
  1416             5
  1417             4
  1418             7
  1419             2
  1420             3
  1421             4
  1422             7
  1423             6
  1424             8
  1425             5
  1426             5
  1427             4
  1428             5
  1429             3
  1430             3
  1431             2
  1432             1
  1433             5
  1434             5
  1435             0
  1436             5
  1437            10
  1438             4
  1439             6
  1440            10
  1441            13
  1442             1
  1443             4
  1444             7
  1445             8
  1446             8
  1447             6
  1448             7
  1449             5
  1450             8
  1451            10
  1452             5
  1453             4
  1454             4
  1455             5
  1456             1
  1457             6
  1458             5
  1459             9
  1460             7
  1461             7
  1462             4
  1463            14
  1464             8
  1465             9
  1466             8
  1467             7
  1468             5
  1469             8
  1470             3
  1471            12
  1472             7
  1473             7
  1474             7
  1475             5
  1476             3
  1477             9
  1478             7
  1479            15
  1480            13
  1481            17
  1482             7
  1483            10
  1484             5
  1485            12
  1486             6
  1487            11
  1488             8
  1489            11
  1490             8
  1491            11
  1492            13
  1493            11
  1494            10
  1495            13
  1496            10
  1497            17
  1498            10
  1499            17
  1500            10
  1501             8
  1502            13
  1503            12
  1504            12
  1505             9
  1506            18
  1507            23
  1508            14
  1509            14
  1510            11
  1511             8
  1512            16
  1513            20
  1514            18
  1515            16
  1516            11
  1517            18
  1518            19
  1519            30
  1520            22
  1521            26
  1522            28
  1523            30
  1524            24
  1525            21
  1526            34
  1527            32
  1528            37
  1529            34
  1530            36
  1531            40
  1532            42
  1533            47
  1534            48
  1535            44
  1536            37
  1537            49
  1538            61
  1539            52
  1540            57
  1541            55
  1542            71
  1543            69
  1544            91
  1545            74
  1546            89
  1547            83
  1548            94
  1549            96
  1550           103
  1551           114
  1552           109
  1553           131
  1554           120
  1555           120
  1556            98
  1557           137
  1558           139
  1559           128
  1560           127
  1561           157
  1562           156
  1563           158
  1564           165
  1565           192
  1566           216
  1567           208
  1568           216
  1569           226
  1570           207
  1571           196
  1572           221
  1573           269
  1574           219
  1575           230
  1576           249
  1577           253
  1578           267
  1579           273
  1580           289
  1581           273
  1582           291
  1583           308
  1584           305
  1585           317
  1586           294
  1587           316
  1588           333
  1589           305
  1590           337
  1591           311
  1592           332
  1593           324
  1594           337
  1595           343
  1596           356
  1597           349
  1598           323
  1599           357
  1600           361
  1601           336
  1602           332
  1603           322
  1604           315
  1605           313
  1606           335
  1607           331
  1608           317
  1609           313
  1610           327
  1611           306
  1612           291
  1613           302
  1614           272
  1615           318
  1616           295
  1617           271
  1618           269
  1619           264
  1620           258
  1621           267
  1622           259
  1623           230
  1624           277
  1625           243
  1626           257
  1627           247
  1628           265
  1629           218
  1630           230
  1631           239
  1632           229
  1633           199
  1634           196
  1635           209
  1636           192
  1637           184
  1638           171
  1639           200
  1640           191
  1641           194
  1642           182
  1643           197
  1644           174
  1645           188
  1646           154
  1647           156
  1648           149
  1649           140
  1650           140
  1651           151
  1652           143
  1653           121
  1654           119
  1655           122
  1656           126
  1657           142
  1658            99
  1659           141
  1660           116
  1661           110
  1662           116
  1663           109
  1664            98
  1665            90
  1666            89
  1667            89
  1668            80
  1669            90
  1670           107
  1671            89
  1672            93
  1673            90
  1674            92
  1675            79
  1676            75
  1677            85
  1678            73
  1679            68
  1680            81
  1681            76
  1682            80
  1683            73
  1684            77
  1685            79
  1686            94
  1687            70
  1688            68
  1689            71
  1690            66
  1691            83
  1692            94
  1693            83
  1694            84
  1695            87
  1696            84
  1697            88
  1698            93
  1699            86
  1700            88
  1701            89
  1702           123
  1703           116
  1704           122
  1705           121
  1706           119
  1707           119
  1708           123
  1709           125
  1710           154
  1711           124
  1712           159
  1713           148
  1714           162
  1715           166
  1716           180
  1717           181
  1718           162
  1719           166
  1720           154
  1721           171
  1722           160
  1723           205
  1724           198
  1725           194
  1726           212
  1727           242
  1728           236
  1729           232
  1730           227
  1731           220
  1732           257
  1733           243
  1734           266
  1735           262
  1736           271
  1737           287
  1738           270
  1739           261
  1740           313
  1741           296
  1742           280
  1743           291
  1744           298
  1745           343
  1746           320
  1747           312
  1748           296
  1749           310
  1750           328
  1751           334
  1752           306
  1753           331
  1754           315
  1755           307
  1756           337
  1757           339
  1758           332
  1759           292
  1760           309
  1761           307
  1762           310
  1763           339
  1764           342
  1765           320
  1766           322
  1767           302
  1768           298
  1769           341
  1770           311
  1771           306
  1772           299
  1773           315
  1774           265
  1775           310
  1776           313
  1777           306
  1778           292
  1779           264
  1780           274
  1781           274
  1782           281
  1783           280
  1784           248
  1785           248
  1786           250
  1787           261
  1788           228
  1789           246
  1790           255
  1791           225
  1792           228
  1793           233
  1794           250
  1795           202
  1796           189
  1797           218
  1798           218
  1799           202
  1800           194
  1801           209
  1802           193
  1803           198
  1804           188
  1805           182
  1806           185
  1807           199
  1808           153
  1809           153
  1810           186
  1811           152
  1812           164
  1813           167
  1814           147
  1815           149
  1816           133
  1817           147
  1818           153
  1819           148
  1820           119
  1821           149
  1822           131
  1823           138
  1824           130
  1825           125
  1826           114
  1827           129
  1828           131
  1829           116
  1830           134
  1831           135
  1832           127
  1833           120
  1834           129
  1835           131
  1836           122
  1837           101
  1838           107
  1839           116
  1840           102
  1841           123
  1842           120
  1843           127
  1844           124
  1845           113
  1846           123
  1847           110
  1848           121
  1849           129
  1850           138
  1851           126
  1852           148
  1853           132
  1854           124
  1855           143
  1856           144
  1857           192
  1858           141
  1859           166
  1860           172
  1861           175
  1862           161
  1863           170
  1864           181
  1865           214
  1866           198
  1867           206
  1868           203
  1869           202
  1870           243
  1871           225
  1872           241
  1873           270
  1874           249
  1875           283
  1876           263
  1877           294
  1878           295
  1879           303
  1880           345
  1881           305
  1882           326
  1883           298
  1884           368
  1885           334
  1886           323
  1887           404
  1888           363
  1889           412
  1890           413
  1891           416
  1892           433
  1893           437
  1894           380
  1895           423
  1896           478
  1897           484
  1898           482
  1899           473
  1900           489
  1901           515
  1902           500
  1903           529
  1904           500
  1905           551
  1906           574
  1907           544
  1908           549
  1909           579
  1910           596
  1911           583
  1912           579
  1913           571
  1914           568
  1915           583
  1916           592
  1917           570
  1918           537
  1919           586
  1920           627
  1921           587
  1922           630
  1923           589
  1924           643
  1925           606
  1926           625
  1927           612
  1928           599
  1929           598
  1930           635
  1931           633
  1932           618
  1933           577
  1934           631
  1935           602
  1936           538
  1937           575
  1938           592
  1939           604
  1940           552
  1941           555
  1942           549
  1943           546
  1944           501
  1945           544
  1946           526
  1947           505
  1948           485
  1949           558
  1950           524
  1951           491
  1952           508
  1953           486
  1954           510
  1955           504
  1956           434
  1957           482
  1958           419
  1959           444
  1960           414
  1961           437
  1962           411
  1963           378
  1964           396
  1965           423
  1966           366
  1967           364
  1968           365
  1969           397
  1970           362
  1971           309
  1972           301
  1973           280
  1974           311
  1975           275
  1976           311
  1977           287
  1978           277
  1979           268
  1980           252
  1981           261
  1982           253
  1983           283
  1984           232
  1985           242
  1986           211
  1987           246
  1988           210
  1989           243
  1990           202
  1991           207
  1992           182
  1993           175
  1994           178
  1995           172
  1996           176
  1997           151
  1998           159
  1999           172
  2000           137
  2001           144
  2002           133
  2003           143
  2004           148
  2005           138
  2006           168
  2007           116
  2008           111
  2009           130
  2010           122
  2011           109
  2012           115
  2013           117
  2014           100
  2015           100
  2016           105
  2017            90
  2018            84
  2019           111
  2020            97
  2021            84
  2022            81
  2023            70
  2024            76
  2025            72
  2026            67
  2027            69
  2028            75
  2029            73
  2030            63
  2031            72
  2032            58
  2033            41
  2034            51
  2035            48
  2036            51
  2037            49
  2038            45
  2039            32
  2040            39
  2041            49
  2042            34
  2043            39
  2044            28
  2045            38
  2046            35
  2047            34
  2048            28
  2049            34
  2050            37
  2051            45
  2052            39
  2053            24
  2054            29
  2055            29
  2056            32
  2057            32
  2058            21
  2059            26
  2060            17
  2061            29
  2062            29
  2063            22
  2064            30
  2065            23
  2066            13
  2067            25
  2068            26
  2069            19
  2070            17
  2071            17
  2072            21
  2073            18
  2074            15
  2075            22
  2076            19
  2077            18
  2078            14
  2079            21
  2080            12
  2081            13
  2082            18
  2083            12
  2084             7
  2085             5
  2086            14
  2087            14
  2088             9
  2089            11
  2090            15
  2091            13
  2092            12
  2093             9
  2094             8
  2095            14
  2096            16
  2097            10
  2098             8
  2099             6
  2100             7
  2101             8
  2102            10
  2103             8
  2104             4
  2105            13
  2106             6
  2107             9
  2108             7
  2109             7
  2110            11
  2111             9
  2112             6
  2113             3
  2114             4
  2115             8
  2116             3
  2117             5
  2118             6
  2119             5
  2120             4
  2121            10
  2122             8
  2123             2
  2124             7
  2125             3
  2126             7
  2127             1
  2128             4
  2129             3
  2130             3
  2131             4
  2132             8
  2133             4
  2134             8
  2135             6
  2136             5
  2137             5
  2138             3
  2139             9
  2140             5
  2141             4
  2142             5
  2143             5
  2144             4
  2145             5
  2146             9
  2147             6
  2148             4
  2149             3
  2150             4
  2151             5
  2152             3
  2153             4
  2154             5
  2155             5
  2156             5
  2157             2
  2158             8
  2159             3
  2160             3
  2161             2
  2162             4
  2163             5
  2164             5
  2165             3
  2166             7
  2167             3
  2168             4
  2169             4
  2170             5
  2171             0
  2172             6
  2173             4
  2174             8
  2175             3
  2176             7
  2177             4
  2178             3
  2179             5
  2180             5
  2181             7
  2182             5
  2183             2
  2184             4
  2185             3
  2186             4
  2187             6
  2188             1
  2189             9
  2190            10
  2191             6
  2192             4
  2193             5
  2194             5
  2195             5
  2196             1
  2197             7
  2198             2
  2199             8
  2200             4
  2201             9
  2202             4
  2203             8
  2204             5
  2205             7
  2206             4
  2207             8
  2208             5
  2209             6
  2210             9
  2211             5
  2212             6
  2213             4
  2214             9
  2215             6
  2216             9
  2217             3
  2218             8
  2219            10
  2220             8
  2221             9
  2222             8
  2223             5
  2224             3
  2225             7
  2226             6
  2227             7
  2228             3
  2229             5
  2230             4
  2231             3
  2232             3
  2233            12
  2234             4
  2235             6
  2236            10
  2237             3
  2238             7
  2239             8
  2240             5
  2241             7
  2242             3
  2243             5
  2244             3
  2245             6
  2246             3
  2247             9
  2248             5
  2249             6
  2250             4
  2251             5
  2252             4
  2253             2
  2254             5
  2255             6
  2256             5
  2257             3
  2258             4
  2259            10
  2260             7
  2261             6
  2262             7
  2263             7
  2264             6
  2265            10
  2266             4
  2267             4
  2268             4
  2269             6
  2270             6
  2271             2
  2272             8
  2273             4
  2274             6
  2275             5
  2276             6
  2277             7
  2278             9
  2279            12
  2280             4
  2281             3
  2282            10
  2283             8
  2284            13
  2285            13
  2286             6
  2287             5
  2288             5
  2289             5
  2290             7
  2291             9
  2292            11
  2293             7
  2294             6
  2295            11
  2296             9
  2297             9
  2298            10
  2299             9
  2300             7
  2301            10
  2302            11
  2303            21
  2304            10
  2305            15
  2306            15
  2307            13
  2308             9
  2309            11
  2310            10
  2311            15
  2312            12
  2313            11
  2314            12
  2315            23
  2316            10
  2317            17
  2318            15
  2319            10
  2320            17
  2321             8
  2322            12
  2323            12
  2324            14
  2325            14
  2326            13
  2327            19
  2328            19
  2329            16
  2330            12
  2331            17
  2332            16
  2333            16
  2334             9
  2335            10
  2336            18
  2337            18
  2338            13
  2339            18
  2340             9
  2341            23
  2342            14
  2343            21
  2344            17
  2345            16
  2346            15
  2347            13
  2348            13
  2349            10
  2350            16
  2351            16
  2352            17
  2353            10
  2354            16
  2355             9
  2356            19
  2357            10
  2358            11
  2359            11
  2360            13
  2361             6
  2362             7
  2363             9
  2364             8
  2365            10
  2366            12
  2367            17
  2368            10
  2369             5
  2370             9
  2371             9
  2372            14
  2373            11
  2374             5
  2375            13
  2376            14
  2377             4
  2378             5
  2379            11
  2380            10
  2381            10
  2382             4
  2383             4
  2384             8
  2385             3
  2386             4
  2387             8
  2388             4
  2389             4
  2390             8
  2391             6
  2392             9
  2393             4
  2394             5
  2395             5
  2396             4
  2397             5
  2398             4
  2399             7
  2400            10
  2401             3
  2402             5
  2403             5
  2404             4
  2405             5
  2406             5
  2407             5
  2408             2
  2409             4
  2410             3
  2411             3
  2412             4
  2413             4
  2414             3
  2415             3
  2416             5
  2417             3
  2418             7
  2419             3
  2420             2
  2421             5
  2422             2
  2423             1
  2424             0
  2425             1
  2426             4
  2427             0
  2428             0
  2429             2
  2430             4
  2431             3
  2432             2
  2433             1
  2434             3
  2435             3
  2436             0
  2437             0
  2438             1
  2439             0
  2440             2
  2441             0
  2442             1
  2443             1
  2444             6
  2445             1
  2446             1
  2447             1
  2448             1
  2449             3
  2450             2
  2451             2
  2452             1
  2453             2
  2454             1
  2455             2
  2456             1
  2457             0
  2458             2
  2459             1
  2460             0
  2461             0
  2462             4
  2463             2
  2464             0
  2465             1
  2466             0
  2467             0
  2468             0
  2469             0
  2470             2
  2471             0
  2472             1
  2473             2
  2474             1
  2475             0
  2476             2
  2477             0
  2478             1
  2479             0
  2480             0
  2481             1
  2482             1
  2483             2
  2484             0
  2485             2
  2486             0
  2487             1
  2488             1
  2489             1
  2490             2
  2491             3
  2492             0
  2493             0
  2494             3
  2495             4
  2496             1
  2497             3
  2498             2
  2499             2
  2500             1
  2501             1
  2502             4
  2503             1
  2504             1
  2505             0
  2506             2
  2507             1
  2508             1
  2509             1
  2510             1
  2511             1
  2512             4
  2513             3
  2514             1
  2515             2
  2516             4
  2517             4
  2518             3
  2519             3
  2520             2
  2521             3
  2522             4
  2523             5
  2524             8
  2525             5
  2526             5
  2527             6
  2528             4
  2529             3
  2530             4
  2531             5
  2532             4
  2533             4
  2534             7
  2535             5
  2536            11
  2537            10
  2538             6
  2539             5
  2540            12
  2541            13
  2542            12
  2543            17
  2544            10
  2545             8
  2546             9
  2547            15
  2548            10
  2549             9
  2550            15
  2551             5
  2552            11
  2553            10
  2554            17
  2555            14
  2556            17
  2557            10
  2558            12
  2559            13
  2560            16
  2561             9
  2562            14
  2563            13
  2564            18
  2565            13
  2566            19
  2567            13
  2568            13
  2569            15
  2570            16
  2571            18
  2572             7
  2573            18
  2574            16
  2575            13
  2576            13
  2577             9
  2578            17
  2579            12
  2580            16
  2581            16
  2582            13
  2583            18
  2584            18
  2585            12
  2586            19
  2587            13
  2588            14
  2589            24
  2590            12
  2591            11
  2592            10
  2593            12
  2594            12
  2595            13
  2596            11
  2597            10
  2598            18
  2599            13
  2600            17
  2601            15
  2602            11
  2603            18
  2604            12
  2605            19
  2606            10
  2607            13
  2608            13
  2609            13
  2610            12
  2611             9
  2612             8
  2613            10
  2614            17
  2615            15
  2616            11
  2617             8
  2618             6
  2619            12
  2620             5
  2621            10
  2622            10
  2623             6
  2624             2
  2625             6
  2626             6
  2627             9
  2628             8
  2629             4
  2630             7
  2631             5
  2632             5
  2633             8
  2634             4
  2635             4
  2636             8
  2637             2
  2638             7
  2639             2
  2640             4
  2641             4
  2642             5
  2643             6
  2644             4
  2645             4
  2646             3
  2647             3
  2648             3
  2649             3
  2650             4
  2651             5
  2652             1
  2653             2
  2654             1
  2655             1
  2656             2
  2657             2
  2658             3
  2659             5
  2660             5
  2661             1
  2662             2
  2663             0
  2664             0
  2665             4
  2666             5
  2667             1
  2668             2
  2669             2
  2670             0
  2671             2
  2672             2
  2673             0
  2674             2
  2675             2
  2676             0
  2677             1
  2678             3
  2679             2
  2680             2
  2681             1
  2682             3
  2683             0
  2684             3
  2685             1
  2686             0
  2687             0
  2688             0
  2689             0
  2690             2
  2691             2
  2692             2
  2693             1
  2694             1
  2695             0
  2696             1
  2697             1
  2698             2
  2699             0
  2700             3
  2701             2
  2702             2
  2703             0
  2704             2
  2705             4
  2706             3
  2707             2
  2708             1
  2709             4
  2710             2
  2711             1
  2712             2
  2713             1
  2714             1
  2715             2
  2716             1
  2717             2
  2718             1
  2719             3
  2720             0
  2721             0
  2722             1
  2723             1
  2724             1
  2725             3
  2726             0
  2727             1
  2728             3
  2729             1
  2730             2
  2731             0
  2732             3
  2733             3
  2734             1
  2735             1
  2736             1
  2737             3
  2738             1
  2739             2
  2740             2
  2741             1
  2742             2
  2743             1
  2744             0
  2745             2
  2746             2
  2747             2
  2748             3
  2749             2
  2750             2
  2751             1
  2752             1
  2753             0
  2754             2
  2755             0
  2756             0
  2757             2
  2758             1
  2759             1
  2760             0
  2761             0
  2762             2
  2763             0
  2764             2
  2765             1
  2766             0
  2767             1
  2768             3
  2769             1
  2770             3
  2771             0
  2772             2
  2773             1
  2774             2
  2775             1
  2776             1
  2777             1
  2778             0
  2779             1
  2780             0
  2781             0
  2782             1
  2783             0
  2784             2
  2785             0
  2786             1
  2787             1
  2788             1
  2789             1
  2790             0
  2791             0
  2792             0
  2793             0
  2794             0
  2795             0
  2796             0
  2797             1
  2798             0
  2799             1
  2800             0
  2801             0
  2802             1
  2803             1
  2804             0
  2805             2
  2806             0
  2807             1
  2808             0
  2809             0
  2810             2
  2811             0
  2812             0
  2813             0
  2814             0
  2815             0
  2816             0
  2817             1
  2818             0
  2819             1
  2820             2
  2821             0
  2822             0
  2823             0
  2824             0
  2825             0
  2826             0
  2827             0
  2828             0
  2829             1
  2830             0
  2831             1
  2832             0
  2833             0
  2834             0
  2835             1
  2836             0
  2837             0
  2838             0
  2839             0
  2840             0
  2841             0
  2842             0
  2843             0
  2844             0
  2845             0
  2846             0
  2847             0
  2848             0
  2849             0
  2850             1
  2851             1
  2852             0
  2853             0
  2854             0
  2855             0
  2856             0
  2857             0
  2858             0
  2859             0
  2860             0
  2861             1
  2862             0
  2863             0
  2864             0
  2865             0
  2866             0
  2867             1
  2868             0
  2869             1
  2870             0
  2871             0
  2872             0
  2873             0
  2874             1
  2875             0
  2876             0
  2877             0
  2878             1
  2879             1
  2880             0
  2881             0
  2882             0
  2883             0
  2884             2
  2885             0
  2886             1
  2887             0
  2888             0
  2889             0
  2890             0
  2891             1
  2892             1
  2893             0
  2894             0
  2895             0
  2896             0
  2897             0
  2898             0
  2899             0
  2900             0
  2901             0
  2902             1
  2903             0
  2904             0
  2905             0
  2906             0
  2907             0
  2908             0
  2909             1
  2910             0
  2911             0
  2912             0
  2913             0
  2914             0
  2915             1
  2916             0
  2917             0
  2918             0
  2919             0
  2920             0
  2921             0
  2922             0
  2923             0
  2924             0
  2925             0
  2926             0
  2927             1
  2928             0
  2929             0
  2930             0
  2931             0
  2932             0
  2933             0
  2934             0
  2935             0
  2936             0
  2937             0
  2938             1
  2939             1
  2940             0
  2941             0
  2942             0
  2943             0
  2944             0
  2945             0
  2946             0
  2947             0
  2948             0
  2949             0
  2950             0
  2951             1
  2952             0
  2953             0
  2954             0
  2955             0
  2956             2
  2957             1
  2958             0
  2959             0
  2960             0
  2961             0
  2962             0
  2963             0
  2964             0
  2965             0
  2966             0
  2967             0
  2968             0
  2969             1
  2970             0
  2971             1
  2972             0
  2973             1
  2974             0
  2975             1
  2976             0
  2977             1
  2978             1
  2979             0
  2980             1
  2981             0
  2982             0
  2983             0
  2984             0
  2985             0
  2986             0
  2987             1
  2988             1
  2989             1
  2990             1
  2991             1
  2992             0
  2993             0
  2994             0
  2995             1
  2996             1
  2997             0
  2998             0
  2999             0
  3000             1
  3001             0
  3002             0
  3003             0
  3004             0
  3005             0
  3006             0
  3007             0
  3008             1
  3009             0
  3010             0
  3011             0
  3012             1
  3013             0
  3014             0
  3015             0
  3016             2
  3017             2
  3018             1
  3019             1
  3020             0
  3021             0
  3022             0
  3023             2
  3024             0
  3025             0
  3026             1
  3027             0
  3028             1
  3029             0
  3030             0
  3031             0
  3032             0
  3033             1
  3034             0
  3035             0
  3036             0
  3037             0
  3038             1
  3039             0
  3040             0
  3041             0
  3042             2
  3043             0
  3044             0
  3045             0
  3046             0
  3047             0
  3048             1
  3049             1
  3050             0
  3051             0
  3052             0
  3053             1
  3054             1
  3055             1
  3056             1
  3057             0
  3058             0
  3059             0
  3060             0
  3061             2
  3062             0
  3063             0
  3064             0
  3065             2
  3066             0
  3067             0
  3068             0
  3069             0
  3070             1
  3071             0
  3072             2
  3073             1
  3074             0
  3075             1
  3076             0
  3077             0
  3078             0
  3079             0
  3080             1
  3081             0
  3082             0
  3083             0
  3084             0
  3085             0
  3086             0
  3087             0
  3088             0
  3089             1
  3090             1
  3091             0
  3092             0
  3093             2
  3094             0
  3095             0
  3096             0
  3097             1
  3098             0
  3099             0
  3100             0
  3101             1
  3102             0
  3103             0
  3104             0
  3105             0
  3106             1
  3107             0
  3108             0
  3109             0
  3110             0
  3111             0
  3112             0
  3113             0
  3114             0
  3115             0
  3116             0
  3117             0
  3118             0
  3119             1
  3120             0
  3121             0
  3122             0
  3123             2
  3124             0
  3125             0
  3126             0
  3127             0
  3128             0
  3129             1
  3130             1
  3131             0
  3132             0
  3133             0
  3134             0
  3135             1
  3136             0
  3137             0
  3138             2
  3139             0
  3140             0
  3141             0
  3142             1
  3143             0
  3144             0
  3145             0
  3146             0
  3147             1
  3148             0
  3149             0
  3150             0
  3151             0
  3152             0
  3153             1
  3154             1
  3155             0
  3156             0
  3157             1
  3158             1
  3159             0
  3160             0
  3161             0
  3162             0
  3163             0
  3164             0
  3165             1
  3166             0
  3167             0
  3168             0
  3169             0
  3170             0
  3171             0
  3172             0
  3173             0
  3174             0
  3175             1
  3176             0
  3177             2
  3178             0
  3179             0
  3180             1
  3181             1
  3182             0
  3183             0
  3184             0
  3185             1
  3186             1
  3187             0
  3188             0
  3189             0
  3190             1
  3191             2
  3192             0
  3193             1
  3194             0
  3195             0
  3196             0
  3197             0
  3198             1
  3199             0
  3200             0
  3201             0
  3202             0
  3203             0
  3204             1
  3205             0
  3206             0
  3207             0
  3208             0
  3209             0
  3210             1
  3211             0
  3212             0
  3213             0
  3214             1
  3215             0
  3216             0
  3217             0
  3218             0
  3219             1
  3220             1
  3221             0
  3222             0
  3223             1
  3224             2
  3225             0
  3226             1
  3227             0
  3228             1
  3229             0
  3230             2
  3231             0
  3232             3
  3233             3
  3234             2
  3235             1
  3236             1
  3237             2
  3238             1
  3239             1
  3240             2
  3241             1
  3242             2
  3243             4
  3244             0
  3245             1
  3246             1
  3247             1
  3248             0
  3249             3
  3250             0
  3251             2
  3252             1
  3253             1
  3254             1
  3255             1
  3256             0
  3257             1
  3258             5
  3259             3
  3260             3
  3261             2
  3262             3
  3263             2
  3264             3
  3265             2
  3266             1
  3267             2
  3268             3
  3269             1
  3270             1
  3271             1
  3272             2
  3273             2
  3274             3
  3275             3
  3276             1
  3277             2
  3278             1
  3279             3
  3280             3
  3281             2
  3282             5
  3283             2
  3284             2
  3285             4
  3286             2
  3287             3
  3288             3
  3289             8
  3290             4
  3291             0
  3292             3
  3293             6
  3294             1
  3295             0
  3296             1
  3297             4
  3298             3
  3299             5
  3300             0
  3301             2
  3302             1
  3303             1
  3304             3
  3305             4
  3306             1
  3307             2
  3308             4
  3309             0
  3310             3
  3311             2
  3312             1
  3313             0
  3314             1
  3315             4
  3316             4
  3317             2
  3318             0
  3319             1
  3320             2
  3321             2
  3322             5
  3323             1
  3324             5
  3325             3
  3326             4
  3327             1
  3328             2
  3329             5
  3330             1
  3331             1
  3332             1
  3333             2
  3334             4
  3335             2
  3336             1
  3337             1
  3338             2
  3339             1
  3340             0
  3341             1
  3342             3
  3343             1
  3344             3
  3345             4
  3346             6
  3347             2
  3348             4
  3349             0
  3350             1
  3351             5
  3352             7
  3353             4
  3354             5
  3355             6
  3356             2
  3357             2
  3358             7
  3359             3
  3360             2
  3361             5
  3362             1
  3363             3
  3364             5
  3365             4
  3366             2
  3367             2
  3368             2
  3369             4
  3370             7
  3371             5
  3372             6
  3373             3
  3374             2
  3375             2
  3376             6
  3377             9
  3378             6
  3379             6
  3380             6
  3381             3
  3382             5
  3383             4
  3384             2
  3385             6
  3386             5
  3387             6
  3388             7
  3389            10
  3390             7
  3391             6
  3392             5
  3393             8
  3394             5
  3395             6
  3396             5
  3397             6
  3398             9
  3399             7
  3400             8
  3401             6
  3402             7
  3403             5
  3404             5
  3405             7
  3406            12
  3407             5
  3408             4
  3409             9
  3410             8
  3411             6
  3412             5
  3413             9
  3414             8
  3415             7
  3416            12
  3417            13
  3418            13
  3419            14
  3420             9
  3421            10
  3422             8
  3423            12
  3424             7
  3425             6
  3426             4
  3427            14
  3428             5
  3429             9
  3430             5
  3431            11
  3432             6
  3433             5
  3434            10
  3435             7
  3436             6
  3437             8
  3438            10
  3439            10
  3440            12
  3441            11
  3442             8
  3443             7
  3444             8
  3445             7
  3446             6
  3447             6
  3448            11
  3449             6
  3450             6
  3451            12
  3452             7
  3453            10
  3454             7
  3455             4
  3456             8
  3457             6
  3458             7
  3459             4
  3460             3
  3461             6
  3462             4
  3463             8
  3464             4
  3465             6
  3466             5
  3467             3
  3468             8
  3469             7
  3470             3
  3471             1
  3472             5
  3473             1
  3474             4
  3475             4
  3476             5
  3477             4
  3478             4
  3479             3
  3480             4
  3481             1
  3482             4
  3483             2
  3484             0
  3485             1
  3486             5
  3487             2
  3488             2
  3489             1
  3490             2
  3491             3
  3492             3
  3493             2
  3494             1
  3495             0
  3496             1
  3497             0
  3498             1
  3499             0
  3500             1
  3501             2
  3502             1
  3503             1
  3504             2
  3505             1
  3506             1
  3507             0
  3508             1
  3509             2
  3510             0
  3511             0
  3512             1
  3513             1
  3514             1
  3515             1
  3516             1
  3517             0
  3518             0
  3519             1
  3520             1
  3521             0
  3522             0
  3523             0
  3524             0
  3525             0
  3526             1
  3527             0
  3528             0
  3529             0
  3530             0
  3531             1
  3532             1
  3533             1
  3534             0
  3535             1
  3536             0
  3537             0
  3538             1
  3539             0
  3540             1
  3541             0
  3542             0
  3543             0
  3544             0
  3545             0
  3546             0
  3547             0
  3548             1
  3549             1
  3550             0
  3551             0
  3552             1
  3553             0
  3554             0
  3555             0
  3556             0
  3557             0
  3558             0
  3559             1
  3560             0
  3561             0
  3562             0
  3563             0
  3564             0
  3565             1
  3566             0
  3567             0
  3568             0
  3569             0
  3570             0
  3571             0
  3572             0
  3573             0
  3574             0
  3575             0
  3576             0
  3577             1
  3578             0
  3579             0
  3580             0
  3581             1
  3582             1
  3583             0
  3584             0
  3585             0
  3586             0
  3587             0
  3588             1
  3589             0
  3590             0
  3591             0
  3592             0
  3593             0
  3594             0
  3595             0
  3596             0
  3597             0
  3598             0
  3599             1
  3600             0
  3601             0
  3602             0
  3603             0
  3604             0
  3605             0
  3606             0
  3607             0
  3608             0
  3609             0
  3610             0
  3611             0
  3612             0
  3613             0
  3614             0
  3615             0
  3616             0
  3617             0
  3618             0
  3619             0
  3620             0
  3621             0
  3622             0
  3623             0
  3624             0
  3625             0
  3626             0
  3627             1
  3628             0
  3629             0
  3630             1
  3631             0
  3632             0
  3633             0
  3634             0
  3635             0
  3636             0
  3637             0
  3638             0
  3639             0
  3640             0
  3641             0
  3642             0
  3643             0
  3644             0
  3645             0
  3646             0
  3647             0
  3648             1
  3649             1
  3650             0
  3651             1
  3652             0
  3653             1
  3654             0
  3655             0
  3656             0
  3657             0
  3658             0
  3659             0
  3660             0
  3661             0
  3662             0
  3663             0
  3664             0
  3665             0
  3666             0
  3667             0
  3668             0
  3669             0
  3670             1
  3671             0
  3672             0
  3673             0
  3674             1
  3675             0
  3676             0
  3677             0
  3678             0
  3679             0
  3680             0
  3681             0
  3682             0
  3683             0
  3684             0
  3685             1
  3686             0
  3687             0
  3688             0
  3689             1
  3690             0
  3691             0
  3692             0
  3693             1
  3694             0
  3695             1
  3696             0
  3697             1
  3698             1
  3699             0
  3700             0
  3701             0
  3702             0
  3703             0
  3704             0
  3705             1
  3706             0
  3707             0
  3708             0
  3709             0
  3710             0
  3711             0
  3712             0
  3713             0
  3714             1
  3715             0
  3716             0
  3717             0
  3718             0
  3719             0
  3720             1
  3721             0
  3722             0
  3723             0
  3724             0
  3725             0
  3726             0
  3727             0
  3728             0
  3729             0
  3730             0
  3731             0
  3732             0
  3733             0
  3734             0
  3735             0
  3736             0
  3737             0
  3738             0
  3739             0
  3740             0
  3741             0
  3742             0
  3743             1
  3744             0
  3745             0
  3746             0
  3747             0
  3748             0
  3749             0
  3750             0
  3751             0
  3752             0
  3753             0
  3754             0
  3755             0
  3756             0
  3757             1
  3758             1
  3759             0
  3760             0
  3761             0
  3762             0
  3763             1
  3764             0
  3765             0
  3766             0
  3767             0
  3768             0
  3769             0
  3770             0
  3771             1
  3772             0
  3773             0
  3774             0
  3775             0
  3776             0
  3777             0
  3778             0
  3779             0
  3780             0
  3781             0
  3782             0
  3783             0
  3784             0
  3785             0
  3786             0
  3787             0
  3788             0
  3789             0
  3790             0
  3791             0
  3792             0
  3793             0
  3794             0
  3795             1
  3796             0
  3797             0
  3798             0
  3799             0
  3800             0
  3801             0
  3802             0
  3803             0
  3804             0
  3805             0
  3806             0
  3807             0
  3808             0
  3809             0
  3810             0
  3811             0
  3812             0
  3813             0
  3814             0
  3815             0
  3816             0
  3817             0
  3818             0
  3819             0
  3820             0
  3821             1
  3822             0
  3823             0
  3824             0
  3825             0
  3826             0
  3827             0
  3828             0
  3829             0
  3830             1
  3831             0
  3832             1
  3833             1
  3834             0
  3835             0
  3836             0
  3837             0
  3838             0
  3839             0
  3840             0
  3841             0
  3842             1
  3843             0
  3844             0
  3845             0
  3846             0
  3847             0
  3848             0
  3849             0
  3850             1
  3851             0
  3852             0
  3853             0
  3854             0
  3855             0
  3856             1
  3857             0
  3858             1
  3859             0
  3860             0
  3861             0
  3862             0
  3863             0
  3864             0
  3865             0
  3866             0
  3867             0
  3868             0
  3869             1
  3870             0
  3871             0
  3872             0
  3873             0
  3874             0
  3875             0
  3876             0
  3877             0
  3878             0
  3879             0
  3880             0
  3881             0
  3882             0
  3883             0
  3884             0
  3885             0
  3886             0
  3887             0
  3888             0
  3889             0
  3890             0
  3891             0
  3892             0
  3893             0
  3894             0
  3895             0
  3896             0
  3897             0
  3898             0
  3899             0
  3900             0
  3901             0
  3902             0
  3903             0
  3904             0
  3905             0
  3906             0
  3907             0
  3908             0
  3909             0
  3910             0
  3911             0
  3912             0
  3913             0
  3914             0
  3915             0
  3916             0
  3917             0
  3918             0
  3919             0
  3920             0
  3921             0
  3922             0
  3923             0
  3924             0
  3925             0
  3926             0
  3927             0
  3928             0
  3929             0
  3930             0
  3931             0
  3932             0
  3933             0
  3934             0
  3935             0
  3936             0
  3937             0
  3938             0
  3939             0
  3940             0
  3941             0
  3942             0
  3943             0
  3944             0
  3945             0
  3946             0
  3947             0
  3948             0
  3949             0
  3950             0
  3951             0
  3952             0
  3953             0
  3954             0
  3955             0
  3956             0
  3957             0
  3958             0
  3959             0
  3960             0
  3961             0
  3962             0
  3963             0
  3964             0
  3965             0
  3966             0
  3967             0
  3968             0
  3969             0
  3970             0
  3971             0
  3972             0
  3973             0
  3974             0
  3975             0
  3976             0
  3977             0
  3978             0
  3979             0
  3980             0
  3981             0
  3982             0
  3983             0
  3984             0
  3985             0
  3986             0
  3987             0
  3988             0
  3989             0
  3990             0
  3991             0
  3992             0
  3993             0
  3994             0
  3995             0
  3996             0
  3997             0
  3998             0
  3999             0
  4000             0
  4001             0
  4002             0
  4003             0
  4004             0
  4005             0
  4006             0
  4007             0
  4008             0
  4009             1
  4010             0
  4011             0
  4012             0
  4013             0
  4014             0
  4015             0
  4016             0
  4017             0
  4018             0
  4019             0
  4020             0
  4021             0
  4022             0
  4023             0
  4024             0
  4025             0
  4026             0
  4027             0
  4028             0
  4029             0
  4030             0
  4031             0
  4032             0
  4033             0
  4034             0
  4035             0
  4036             0
  4037             0
  4038             0
  4039             0
  4040             0
  4041             0
  4042             0
  4043             0
  4044             0
  4045             0
  4046             0
  4047             0
  4048             0
  4049             0
  4050             0
  4051             0
  4052             0
  4053             0
  4054             0
  4055             0
  4056             0
  4057             0
  4058             0
  4059             0
  4060             0
  4061             0
  4062             0
  4063             0
  4064             0
  4065             0
  4066             0
  4067             0
  4068             0
  4069             0
  4070             0
  4071             0
  4072             0
  4073             0
  4074             0
  4075             0
  4076             0
  4077             0
  4078             0
  4079             0
  4080             0
  4081             0
  4082             0
  4083             0
  4084             0
  4085             0
  4086             0
  4087             0
  4088             0
  4089             0
  4090             0
  4091             0
  4092             0
  4093             0
  4094             0
  4095             0
