     0             0
     1             0
     2             0
     3             0
     4             0
     5             0
     6             0
     7             0
     8             0
     9             0
    10             0
    11             0
    12             0
    13             0
    14             0
    15             0
    16             0
    17             0
    18             0
    19             0
    20             0
    21             0
    22             0
    23             0
    24             0
    25             0
    26             0
    27             0
    28             0
    29             0
    30             0
    31             0
    32             0
    33             0
    34             0
    35             0
    36             0
    37             0
    38             0
    39             0
    40             0
    41             0
    42             0
    43             0
    44             0
    45             0
    46             1
    47             3
    48             9
    49             8
    50             2
    51             0
    52             1
    53             0
    54             0
    55             0
    56             0
    57             0
    58             0
    59             0
    60             0
    61             0
    62             0
    63             0
    64             0
    65             0
    66             0
    67             0
    68             0
    69             0
    70             0
    71             0
    72             0
    73             0
    74             0
    75             0
    76             0
    77             0
    78             0
    79             0
    80             0
    81             0
    82             0
    83             0
    84             0
    85             0
    86             0
    87             0
    88             0
    89             0
    90             0
    91             0
    92             0
    93             0
    94             0
    95             0
    96             0
    97             0
    98             0
    99             0
   100             0
   101             0
   102             0
   103             0
   104             0
   105             0
   106             0
   107             0
   108             0
   109             0
   110             0
   111             0
   112             0
   113             0
   114             0
   115             0
   116             0
   117             0
   118             0
   119             0
   120             0
   121             0
   122             0
   123             0
   124             0
   125             0
   126             0
   127             0
   128             0
   129             0
   130             0
   131             0
   132             0
   133             0
   134             0
   135             0
   136             0
   137             0
   138             0
   139             0
   140             0
   141             0
   142             0
   143             0
   144             0
   145             0
   146             0
   147             0
   148             0
   149             0
   150             0
   151             0
   152             0
   153             0
   154             0
   155             1
   156             0
   157             0
   158             1
   159             2
   160             4
   161             4
   162             4
   163             6
   164             2
   165             1
   166             3
   167             3
   168             4
   169             3
   170             4
   171             1
   172             4
   173             5
   174             4
   175             2
   176             3
   177             2
   178             1
   179             0
   180             4
   181             4
   182             4
   183             1
   184             2
   185             1
   186             8
   187             1
   188             1
   189             3
   190             2
   191             2
   192             1
   193             1
   194             2
   195             3
   196             1
   197             3
   198             3
   199             2
   200             2
   201             1
   202             4
   203             2
   204             1
   205             5
   206             5
   207             1
   208             2
   209             0
   210             2
   211             4
   212             1
   213             1
   214             0
   215             1
   216             1
   217             1
   218             2
   219             1
   220             0
   221             1
   222             0
   223             0
   224             2
   225             0
   226             2
   227             0
   228             0
   229             2
   230             1
   231             2
   232             3
   233             1
   234             1
   235             1
   236             1
   237             0
   238             2
   239             1
   240             0
   241             3
   242             1
   243             2
   244             1
   245             0
   246             0
   247             0
   248             0
   249             2
   250             1
   251             0
   252             3
   253             1
   254             1
   255             0
   256             2
   257             2
   258             0
   259             1
   260             2
   261             0
   262             1
   263             1
   264             0
   265             2
   266             1
   267             1
   268             2
   269             1
   270             1
   271             2
   272             1
   273             1
   274             2
   275             2
   276             3
   277             1
   278             2
   279             2
   280             1
   281             0
   282             1
   283             1
   284             1
   285             0
   286             2
   287             2
   288             1
   289             1
   290             2
   291             1
   292             1
   293             0
   294             0
   295             2
   296             2
   297             1
   298             1
   299             0
   300             0
   301             2
   302             1
   303             0
   304             0
   305             0
   306             2
   307             0
   308             0
   309             2
   310             2
   311             2
   312             0
   313             1
   314             3
   315             0
   316             1
   317             1
   318             0
   319             1
   320             3
   321             1
   322             0
   323             1
   324             0
   325             0
   326             1
   327             1
   328             1
   329             2
   330             0
   331             1
   332             1
   333             2
   334             1
   335             0
   336             2
   337             1
   338             0
   339             2
   340             0
   341             2
   342             1
   343             1
   344             1
   345             1
   346             0
   347             1
   348             1
   349             0
   350             1
   351             2
   352             2
   353             1
   354             1
   355             1
   356             1
   357             1
   358             0
   359             1
   360             0
   361             0
   362             1
   363             1
   364             1
   365             1
   366             1
   367             0
   368             2
   369             0
   370             0
   371             1
   372             0
   373             3
   374             2
   375             1
   376             0
   377             2
   378             0
   379             0
   380             0
   381             0
   382             3
   383             0
   384             1
   385             1
   386             0
   387             1
   388             1
   389             1
   390             2
   391             0
   392             4
   393             2
   394             0
   395             0
   396             0
   397             1
   398             0
   399             0
   400             1
   401             0
   402             0
   403             0
   404             0
   405             2
   406             0
   407             0
   408             1
   409             2
   410             1
   411             0
   412             0
   413             2
   414             2
   415             1
   416             0
   417             1
   418             1
   419             0
   420             1
   421             0
   422             4
   423             1
   424             1
   425             0
   426             3
   427             0
   428             0
   429             3
   430             0
   431             2
   432             0
   433             0
   434             0
   435             2
   436             3
   437             0
   438             2
   439             0
   440             1
   441             1
   442             1
   443             0
   444             0
   445             1
   446             3
   447             1
   448             1
   449             2
   450             2
   451             2
   452             0
   453             2
   454             1
   455             1
   456             2
   457             0
   458             3
   459             0
   460             2
   461             3
   462             0
   463             0
   464             0
   465             0
   466             1
   467             1
   468             2
   469             0
   470             3
   471             1
   472             0
   473             1
   474             0
   475             0
   476             0
   477             0
   478             3
   479             1
   480             2
   481             0
   482             1
   483             0
   484             0
   485             2
   486             0
   487             0
   488             3
   489             0
   490             1
   491             0
   492             0
   493             0
   494             0
   495             1
   496             1
   497             1
   498             3
   499             0
   500             2
   501             3
   502             1
   503             0
   504             1
   505             0
   506             4
   507             1
   508             2
   509             1
   510             0
   511             1
   512             0
   513             0
   514             0
   515             1
   516             1
   517             1
   518             2
   519             0
   520             2
   521             1
   522             2
   523             0
   524             1
   525             1
   526             3
   527             1
   528             1
   529             2
   530             1
   531             1
   532             2
   533             1
   534             3
   535             0
   536             1
   537             0
   538             0
   539             2
   540             2
   541             0
   542             2
   543             1
   544             1
   545             3
   546             0
   547             1
   548             1
   549             2
   550             0
   551             1
   552             1
   553             1
   554             0
   555             1
   556             2
   557             2
   558             2
   559             0
   560             0
   561             0
   562             0
   563             0
   564             0
   565             0
   566             2
   567             1
   568             2
   569             0
   570             1
   571             0
   572             1
   573             1
   574             1
   575             0
   576             0
   577             2
   578             1
   579             1
   580             0
   581             1
   582             1
   583             2
   584             0
   585             1
   586             1
   587             0
   588             3
   589             0
   590             1
   591             0
   592             2
   593             0
   594             1
   595             2
   596             1
   597             0
   598             1
   599             1
   600             1
   601             0
   602             2
   603             1
   604             1
   605             2
   606             0
   607             3
   608             1
   609             0
   610             3
   611             0
   612             1
   613             0
   614             1
   615             2
   616             2
   617             1
   618             2
   619             1
   620             0
   621             3
   622             1
   623             2
   624             0
   625             2
   626             1
   627             0
   628             3
   629             1
   630             1
   631             1
   632             0
   633             1
   634             1
   635             1
   636             0
   637             1
   638             0
   639             0
   640             2
   641             0
   642             0
   643             1
   644             1
   645             1
   646             2
   647             1
   648             1
   649             3
   650             1
   651             0
   652             0
   653             1
   654             2
   655             1
   656             0
   657             2
   658             2
   659             1
   660             2
   661             0
   662             0
   663             1
   664             0
   665             3
   666             0
   667             0
   668             1
   669             0
   670             1
   671             1
   672             2
   673             1
   674             0
   675             3
   676             0
   677             3
   678             2
   679             2
   680             1
   681             1
   682             1
   683             2
   684             2
   685             0
   686             2
   687             1
   688             1
   689             1
   690             1
   691             2
   692             1
   693             2
   694             2
   695             1
   696             1
   697             1
   698             0
   699             1
   700             2
   701             0
   702             2
   703             0
   704             2
   705             0
   706             0
   707             0
   708             0
   709             1
   710             0
   711             2
   712             1
   713             0
   714             1
   715             1
   716             2
   717             0
   718             0
   719             1
   720             2
   721             2
   722             4
   723             0
   724             3
   725             0
   726             0
   727             0
   728             1
   729             1
   730             2
   731             1
   732             2
   733             1
   734             3
   735             1
   736             0
   737             1
   738             0
   739             1
   740             2
   741             1
   742             0
   743             0
   744             1
   745             1
   746             1
   747             0
   748             1
   749             1
   750             0
   751             1
   752             1
   753             1
   754             0
   755             0
   756             0
   757             1
   758             0
   759             1
   760             0
   761             2
   762             1
   763             1
   764             2
   765             1
   766             2
   767             1
   768             1
   769             0
   770             0
   771             4
   772             1
   773             0
   774             1
   775             1
   776             1
   777             0
   778             1
   779             2
   780             0
   781             3
   782             0
   783             2
   784             1
   785             0
   786             2
   787             0
   788             0
   789             0
   790             0
   791             2
   792             1
   793             1
   794             1
   795             2
   796             0
   797             0
   798             2
   799             0
   800             0
   801             2
   802             0
   803             2
   804             0
   805             1
   806             0
   807             0
   808             1
   809             3
   810             2
   811             1
   812             1
   813             0
   814             1
   815             0
   816             1
   817             0
   818             4
   819             1
   820             2
   821             1
   822             1
   823             0
   824             3
   825             0
   826             0
   827             2
   828             1
   829             1
   830             4
   831             1
   832             3
   833             2
   834             3
   835             4
   836             1
   837             1
   838             1
   839             1
   840             2
   841             2
   842             1
   843             0
   844             0
   845             1
   846             1
   847             1
   848             1
   849             2
   850             0
   851             0
   852             1
   853             1
   854             0
   855             1
   856             1
   857             1
   858             2
   859             1
   860             0
   861             1
   862             2
   863             1
   864             5
   865             0
   866             1
   867             2
   868             3
   869             0
   870             0
   871             1
   872             0
   873             2
   874             2
   875             0
   876             1
   877             0
   878             3
   879             3
   880             3
   881             1
   882             0
   883             0
   884             1
   885             1
   886             1
   887             0
   888             2
   889             0
   890             1
   891             3
   892             1
   893             3
   894             0
   895             1
   896             2
   897             1
   898             1
   899             0
   900             2
   901             2
   902             4
   903             0
   904             2
   905             4
   906             2
   907             3
   908             0
   909             0
   910             2
   911             0
   912             3
   913             3
   914             1
   915             2
   916             1
   917             1
   918             2
   919             2
   920             2
   921             0
   922             1
   923             2
   924             0
   925             4
   926             3
   927             1
   928             0
   929             1
   930             1
   931             1
   932             0
   933             3
   934             1
   935             1
   936             0
   937             2
   938             1
   939             2
   940             3
   941             0
   942             0
   943             2
   944             0
   945             1
   946             0
   947             2
   948             0
   949             0
   950             0
   951             1
   952             1
   953             3
   954             1
   955             2
   956             6
   957             2
   958             1
   959             1
   960             1
   961             1
   962             2
   963             0
   964             0
   965             0
   966             2
   967             0
   968             1
   969             1
   970             2
   971             3
   972             2
   973             2
   974             2
   975             1
   976             2
   977             1
   978             0
   979             2
   980             1
   981             2
   982             0
   983             0
   984             2
   985             0
   986             0
   987             0
   988             1
   989             2
   990             1
   991             0
   992             2
   993             2
   994             4
   995             1
   996             1
   997             2
   998             2
   999             2
  1000             2
  1001             2
  1002             0
  1003             0
  1004             1
  1005             3
  1006             4
  1007             3
  1008             0
  1009             0
  1010             0
  1011             1
  1012             1
  1013             1
  1014             3
  1015             0
  1016             1
  1017             0
  1018             1
  1019             1
  1020             1
  1021             2
  1022             1
  1023             0
  1024             0
  1025             1
  1026             2
  1027             1
  1028             2
  1029             5
  1030             1
  1031             2
  1032             0
  1033             1
  1034             2
  1035             1
  1036             2
  1037             2
  1038             0
  1039             3
  1040             3
  1041             2
  1042             1
  1043             2
  1044             2
  1045             2
  1046             0
  1047             1
  1048             1
  1049             1
  1050             1
  1051             2
  1052             1
  1053             2
  1054             0
  1055             2
  1056             2
  1057             1
  1058             3
  1059             0
  1060             2
  1061             0
  1062             2
  1063             4
  1064             3
  1065             0
  1066             1
  1067             1
  1068             1
  1069             1
  1070             1
  1071             2
  1072             1
  1073             2
  1074             2
  1075             2
  1076             3
  1077             0
  1078             1
  1079             1
  1080             1
  1081             2
  1082             2
  1083             1
  1084             0
  1085             1
  1086             5
  1087             0
  1088             1
  1089             2
  1090             0
  1091             0
  1092             3
  1093             1
  1094             4
  1095             0
  1096             2
  1097             1
  1098             3
  1099             1
  1100             0
  1101             1
  1102             1
  1103             1
  1104             2
  1105             7
  1106             3
  1107             1
  1108             4
  1109             2
  1110             2
  1111             2
  1112             1
  1113             3
  1114             0
  1115             2
  1116             1
  1117             2
  1118             0
  1119             2
  1120             3
  1121             2
  1122             3
  1123             1
  1124             3
  1125             4
  1126             2
  1127             1
  1128             0
  1129             1
  1130             3
  1131             3
  1132             0
  1133             3
  1134             1
  1135             2
  1136             4
  1137             2
  1138             5
  1139             0
  1140             4
  1141             2
  1142             3
  1143             2
  1144             3
  1145             2
  1146             1
  1147             2
  1148             1
  1149             3
  1150             1
  1151             1
  1152             3
  1153             1
  1154             3
  1155             3
  1156             1
  1157             2
  1158             4
  1159             1
  1160             1
  1161             2
  1162             3
  1163             1
  1164             3
  1165             3
  1166             1
  1167             2
  1168             1
  1169             1
  1170             3
  1171             2
  1172             4
  1173             0
  1174             4
  1175             1
  1176             2
  1177             2
  1178             2
  1179             2
  1180             5
  1181             4
  1182             2
  1183             2
  1184             1
  1185             5
  1186             2
  1187             4
  1188             2
  1189             3
  1190             2
  1191             3
  1192             2
  1193             0
  1194             2
  1195             1
  1196             1
  1197             2
  1198             3
  1199             2
  1200             2
  1201             3
  1202             3
  1203             2
  1204             2
  1205             0
  1206             2
  1207             3
  1208             2
  1209             0
  1210             3
  1211             3
  1212             6
  1213             5
  1214             3
  1215             1
  1216             1
  1217             2
  1218             3
  1219             2
  1220             5
  1221             1
  1222             2
  1223             3
  1224             3
  1225             2
  1226             4
  1227             3
  1228             1
  1229             3
  1230             2
  1231             4
  1232             4
  1233             4
  1234             2
  1235             1
  1236             1
  1237             3
  1238             2
  1239             2
  1240             3
  1241             2
  1242             2
  1243             4
  1244             1
  1245             5
  1246             2
  1247             0
  1248             1
  1249             4
  1250             2
  1251             4
  1252             3
  1253             4
  1254             4
  1255             2
  1256             1
  1257             1
  1258             1
  1259             0
  1260             4
  1261             2
  1262             0
  1263             4
  1264             1
  1265             1
  1266             4
  1267             4
  1268             3
  1269             0
  1270             3
  1271             2
  1272             3
  1273             0
  1274             3
  1275             3
  1276             0
  1277             1
  1278             5
  1279             4
  1280             0
  1281             1
  1282             1
  1283             1
  1284             4
  1285             2
  1286             4
  1287             3
  1288             1
  1289             2
  1290             2
  1291             2
  1292             4
  1293             1
  1294             2
  1295             1
  1296             3
  1297             1
  1298             2
  1299             1
  1300             1
  1301             0
  1302             6
  1303             0
  1304             2
  1305             1
  1306             1
  1307             2
  1308             0
  1309             3
  1310             2
  1311             2
  1312             0
  1313             3
  1314             0
  1315             1
  1316             1
  1317             2
  1318             3
  1319             2
  1320             1
  1321             2
  1322             0
  1323             2
  1324             1
  1325             4
  1326             1
  1327             1
  1328             2
  1329             0
  1330             2
  1331             1
  1332             2
  1333             2
  1334             1
  1335             4
  1336             4
  1337             3
  1338             2
  1339             3
  1340             2
  1341             4
  1342             1
  1343             3
  1344             1
  1345             1
  1346             0
  1347             3
  1348             1
  1349             2
  1350             1
  1351             0
  1352             3
  1353             2
  1354             3
  1355             0
  1356             2
  1357             4
  1358             4
  1359             0
  1360             4
  1361             1
  1362             3
  1363             2
  1364             1
  1365             3
  1366             3
  1367             2
  1368             3
  1369             4
  1370             1
  1371             1
  1372             4
  1373             3
  1374             2
  1375             1
  1376             1
  1377             1
  1378             2
  1379             2
  1380             1
  1381             0
  1382             2
  1383             4
  1384             1
  1385             2
  1386             3
  1387             1
  1388             4
  1389             2
  1390             3
  1391             1
  1392             5
  1393             5
  1394             3
  1395             1
  1396             2
  1397             2
  1398             2
  1399             3
  1400             5
  1401             4
  1402             3
  1403             3
  1404             4
  1405             3
  1406             3
  1407             2
  1408             4
  1409             0
  1410             3
  1411             5
  1412             0
  1413             1
  1414             1
  1415             3
  1416             7
  1417             4
  1418             2
  1419             3
  1420             4
  1421             2
  1422             3
  1423             3
  1424             3
  1425             2
  1426             1
  1427             0
  1428             3
  1429             2
  1430             6
  1431             0
  1432             1
  1433             4
  1434             1
  1435             2
  1436             3
  1437             7
  1438             1
  1439             3
  1440             2
  1441             6
  1442             3
  1443             4
  1444             4
  1445             6
  1446             6
  1447             1
  1448             3
  1449             3
  1450             3
  1451             3
  1452             4
  1453             3
  1454             0
  1455             3
  1456             4
  1457             1
  1458             4
  1459             0
  1460             1
  1461             1
  1462             1
  1463             4
  1464             4
  1465             7
  1466             4
  1467             3
  1468             4
  1469             0
  1470             3
  1471             3
  1472             2
  1473             4
  1474             2
  1475             6
  1476             4
  1477             3
  1478             3
  1479             4
  1480             1
  1481             4
  1482             3
  1483             0
  1484             1
  1485             2
  1486             4
  1487             3
  1488             1
  1489             3
  1490             2
  1491             3
  1492             3
  1493             2
  1494             3
  1495             4
  1496             3
  1497             2
  1498             2
  1499             4
  1500             1
  1501             3
  1502             1
  1503             3
  1504             3
  1505             5
  1506             5
  1507             4
  1508             3
  1509             1
  1510             4
  1511             6
  1512             3
  1513             4
  1514             3
  1515             3
  1516             3
  1517             6
  1518             2
  1519             2
  1520             2
  1521             4
  1522             4
  1523             3
  1524             5
  1525             4
  1526             2
  1527             1
  1528             4
  1529             3
  1530             5
  1531             3
  1532             5
  1533             4
  1534             4
  1535             8
  1536             2
  1537             3
  1538             4
  1539             5
  1540             2
  1541             3
  1542             2
  1543             3
  1544             2
  1545             2
  1546             3
  1547             0
  1548             5
  1549             6
  1550             3
  1551            10
  1552             4
  1553             6
  1554             0
  1555             2
  1556             2
  1557             8
  1558             6
  1559             3
  1560             8
  1561             5
  1562             6
  1563             3
  1564             3
  1565             4
  1566             4
  1567             8
  1568             2
  1569             4
  1570             1
  1571             7
  1572             9
  1573             4
  1574             6
  1575             0
  1576             4
  1577             5
  1578             3
  1579             3
  1580             6
  1581             6
  1582             4
  1583             2
  1584             6
  1585             7
  1586             7
  1587             9
  1588             4
  1589             4
  1590             4
  1591             9
  1592             9
  1593             8
  1594             9
  1595             6
  1596             5
  1597             1
  1598             8
  1599             4
  1600            12
  1601             5
  1602             7
  1603             5
  1604             7
  1605             9
  1606             9
  1607             8
  1608             7
  1609            13
  1610            11
  1611            12
  1612            11
  1613             5
  1614            10
  1615             6
  1616             8
  1617             6
  1618             6
  1619            12
  1620             9
  1621             8
  1622             5
  1623            11
  1624            13
  1625            15
  1626            13
  1627             9
  1628            12
  1629            11
  1630            16
  1631            10
  1632            15
  1633            16
  1634            16
  1635            17
  1636            12
  1637             9
  1638            16
  1639            19
  1640            17
  1641            17
  1642            10
  1643            16
  1644            15
  1645            14
  1646            16
  1647            29
  1648            10
  1649            26
  1650            26
  1651            14
  1652            28
  1653            14
  1654            24
  1655            20
  1656            27
  1657            23
  1658            16
  1659            33
  1660            25
  1661            29
  1662            43
  1663            32
  1664            34
  1665            34
  1666            44
  1667            39
  1668            62
  1669            34
  1670            48
  1671            52
  1672            59
  1673            57
  1674            47
  1675            49
  1676            64
  1677            58
  1678            76
  1679            70
  1680            84
  1681            78
  1682            84
  1683            87
  1684           104
  1685            96
  1686           113
  1687           112
  1688           113
  1689           114
  1690           132
  1691           136
  1692           136
  1693           163
  1694           153
  1695           153
  1696           166
  1697           168
  1698           155
  1699           174
  1700           204
  1701           223
  1702           197
  1703           216
  1704           221
  1705           217
  1706           232
  1707           232
  1708           229
  1709           277
  1710           278
  1711           298
  1712           268
  1713           291
  1714           270
  1715           293
  1716           295
  1717           289
  1718           299
  1719           319
  1720           316
  1721           338
  1722           319
  1723           336
  1724           340
  1725           312
  1726           318
  1727           361
  1728           337
  1729           336
  1730           329
  1731           332
  1732           350
  1733           331
  1734           345
  1735           354
  1736           353
  1737           356
  1738           366
  1739           370
  1740           382
  1741           316
  1742           345
  1743           314
  1744           345
  1745           326
  1746           333
  1747           312
  1748           318
  1749           286
  1750           311
  1751           304
  1752           298
  1753           318
  1754           312
  1755           282
  1756           297
  1757           292
  1758           245
  1759           272
  1760           237
  1761           273
  1762           287
  1763           266
  1764           260
  1765           257
  1766           225
  1767           228
  1768           202
  1769           220
  1770           204
  1771           202
  1772           191
  1773           182
  1774           193
  1775           186
  1776           200
  1777           168
  1778           143
  1779           153
  1780           154
  1781           150
  1782           147
  1783           134
  1784           104
  1785           143
  1786           114
  1787           123
  1788           120
  1789           108
  1790           111
  1791            94
  1792           112
  1793           104
  1794            84
  1795            88
  1796            87
  1797            84
  1798            86
  1799            94
  1800            80
  1801            91
  1802            81
  1803            65
  1804            60
  1805            71
  1806            59
  1807            57
  1808            67
  1809            58
  1810            69
  1811            52
  1812            36
  1813            47
  1814            44
  1815            63
  1816            65
  1817            53
  1818            56
  1819            69
  1820            51
  1821            51
  1822            47
  1823            61
  1824            55
  1825            56
  1826            44
  1827            62
  1828            52
  1829            57
  1830            52
  1831            58
  1832            48
  1833            77
  1834            81
  1835            69
  1836            52
  1837            75
  1838            75
  1839            62
  1840            93
  1841            90
  1842            82
  1843            73
  1844            89
  1845            91
  1846           106
  1847            94
  1848            90
  1849           100
  1850           112
  1851           111
  1852            95
  1853           140
  1854           144
  1855           127
  1856           144
  1857           168
  1858           167
  1859           148
  1860           165
  1861           196
  1862           180
  1863           190
  1864           180
  1865           170
  1866           195
  1867           192
  1868           209
  1869           250
  1870           248
  1871           231
  1872           206
  1873           266
  1874           236
  1875           277
  1876           284
  1877           267
  1878           295
  1879           297
  1880           273
  1881           301
  1882           290
  1883           290
  1884           278
  1885           329
  1886           349
  1887           314
  1888           333
  1889           353
  1890           321
  1891           327
  1892           341
  1893           352
  1894           321
  1895           307
  1896           352
  1897           369
  1898           357
  1899           362
  1900           345
  1901           350
  1902           346
  1903           363
  1904           363
  1905           351
  1906           377
  1907           347
  1908           367
  1909           318
  1910           323
  1911           305
  1912           304
  1913           327
  1914           327
  1915           306
  1916           310
  1917           296
  1918           316
  1919           305
  1920           313
  1921           286
  1922           290
  1923           259
  1924           280
  1925           287
  1926           258
  1927           242
  1928           242
  1929           264
  1930           251
  1931           223
  1932           231
  1933           246
  1934           209
  1935           225
  1936           194
  1937           199
  1938           202
  1939           215
  1940           214
  1941           191
  1942           192
  1943           161
  1944           183
  1945           184
  1946           152
  1947           170
  1948           166
  1949           162
  1950           144
  1951           170
  1952           136
  1953           142
  1954           136
  1955           135
  1956           140
  1957           141
  1958           127
  1959           137
  1960           125
  1961           106
  1962           118
  1963           119
  1964           129
  1965           127
  1966           119
  1967           125
  1968           108
  1969           107
  1970           105
  1971            95
  1972            87
  1973            94
  1974            96
  1975            79
  1976            96
  1977            89
  1978            95
  1979            88
  1980            83
  1981            99
  1982            90
  1983            98
  1984            92
  1985            88
  1986            85
  1987            86
  1988            97
  1989            79
  1990            94
  1991           100
  1992            71
  1993           105
  1994            93
  1995            89
  1996           108
  1997           103
  1998           107
  1999           103
  2000           110
  2001           128
  2002           136
  2003           124
  2004           119
  2005           134
  2006           118
  2007           110
  2008           141
  2009           150
  2010           160
  2011           167
  2012           171
  2013           154
  2014           163
  2015           188
  2016           173
  2017           173
  2018           218
  2019           210
  2020           212
  2021           241
  2022           218
  2023           245
  2024           245
  2025           244
  2026           281
  2027           264
  2028           282
  2029           322
  2030           295
  2031           292
  2032           331
  2033           340
  2034           339
  2035           345
  2036           374
  2037           346
  2038           369
  2039           394
  2040           398
  2041           402
  2042           416
  2043           476
  2044           465
  2045           459
  2046           490
  2047           485
  2048           486
  2049           475
  2050           472
  2051           504
  2052           528
  2053           581
  2054           556
  2055           531
  2056           544
  2057           607
  2058           623
  2059           592
  2060           573
  2061           561
  2062           615
  2063           648
  2064           636
  2065           602
  2066           675
  2067           667
  2068           652
  2069           637
  2070           734
  2071           714
  2072           673
  2073           669
  2074           665
  2075           636
  2076           676
  2077           694
  2078           691
  2079           658
  2080           631
  2081           657
  2082           684
  2083           646
  2084           602
  2085           643
  2086           604
  2087           636
  2088           598
  2089           603
  2090           559
  2091           552
  2092           572
  2093           569
  2094           548
  2095           573
  2096           600
  2097           530
  2098           504
  2099           559
  2100           527
  2101           548
  2102           503
  2103           468
  2104           468
  2105           461
  2106           431
  2107           459
  2108           418
  2109           421
  2110           426
  2111           431
  2112           397
  2113           345
  2114           373
  2115           358
  2116           352
  2117           355
  2118           339
  2119           328
  2120           296
  2121           308
  2122           317
  2123           311
  2124           276
  2125           262
  2126           297
  2127           244
  2128           281
  2129           233
  2130           249
  2131           191
  2132           208
  2133           194
  2134           197
  2135           182
  2136           194
  2137           196
  2138           185
  2139           160
  2140           154
  2141           138
  2142           171
  2143           147
  2144           147
  2145           150
  2146           139
  2147           165
  2148           117
  2149           135
  2150           112
  2151           108
  2152           102
  2153            96
  2154           115
  2155           107
  2156            91
  2157           103
  2158           100
  2159            94
  2160            88
  2161            87
  2162            75
  2163            83
  2164            82
  2165            77
  2166            70
  2167            74
  2168            51
  2169            63
  2170            68
  2171            77
  2172            59
  2173            46
  2174            57
  2175            63
  2176            47
  2177            51
  2178            59
  2179            63
  2180            46
  2181            50
  2182            29
  2183            42
  2184            42
  2185            44
  2186            50
  2187            35
  2188            34
  2189            53
  2190            34
  2191            48
  2192            29
  2193            29
  2194            39
  2195            35
  2196            30
  2197            18
  2198            25
  2199            30
  2200            25
  2201            26
  2202            28
  2203            18
  2204            26
  2205            13
  2206            31
  2207            29
  2208            30
  2209            24
  2210            14
  2211            24
  2212            19
  2213            22
  2214            17
  2215            25
  2216            24
  2217            21
  2218            16
  2219            19
  2220            20
  2221            15
  2222            19
  2223            18
  2224            19
  2225            16
  2226            15
  2227            23
  2228            16
  2229            11
  2230            14
  2231            13
  2232            13
  2233            11
  2234             9
  2235             8
  2236            22
  2237            12
  2238            11
  2239            12
  2240             6
  2241            11
  2242             8
  2243            11
  2244             7
  2245             8
  2246            11
  2247             8
  2248             6
  2249            14
  2250            10
  2251             9
  2252            10
  2253             5
  2254             8
  2255            11
  2256             8
  2257             5
  2258             4
  2259             6
  2260             8
  2261             9
  2262             8
  2263             7
  2264             5
  2265            11
  2266             4
  2267             3
  2268             5
  2269            11
  2270             7
  2271             3
  2272             1
  2273             5
  2274             4
  2275             6
  2276             3
  2277             7
  2278             3
  2279             6
  2280             3
  2281             3
  2282             5
  2283             2
  2284             4
  2285             4
  2286             6
  2287             8
  2288             6
  2289             1
  2290             6
  2291             6
  2292             3
  2293             0
  2294             3
  2295             4
  2296             1
  2297             3
  2298             2
  2299             1
  2300             4
  2301             2
  2302             2
  2303             8
  2304             3
  2305             1
  2306             4
  2307             2
  2308             3
  2309             4
  2310             4
  2311             2
  2312             1
  2313             3
  2314             4
  2315             5
  2316             2
  2317             1
  2318             1
  2319             1
  2320             6
  2321             1
  2322             4
  2323             3
  2324            10
  2325             3
  2326             6
  2327             4
  2328             2
  2329             2
  2330             3
  2331             5
  2332             4
  2333             3
  2334             2
  2335             2
  2336             5
  2337             2
  2338             3
  2339             4
  2340             6
  2341             4
  2342             8
  2343             2
  2344             3
  2345             7
  2346             1
  2347             8
  2348             4
  2349             1
  2350             2
  2351             3
  2352             3
  2353             5
  2354             5
  2355             6
  2356             3
  2357             6
  2358             8
  2359             3
  2360             5
  2361             7
  2362            10
  2363             5
  2364             3
  2365             8
  2366             3
  2367             4
  2368             6
  2369             9
  2370             5
  2371             5
  2372             6
  2373             4
  2374             6
  2375             2
  2376             5
  2377             4
  2378             3
  2379             2
  2380            14
  2381             5
  2382             5
  2383             3
  2384             3
  2385             6
  2386             0
  2387             5
  2388             7
  2389             3
  2390            10
  2391             9
  2392             6
  2393             4
  2394             4
  2395             2
  2396             3
  2397             2
  2398             5
  2399             5
  2400             4
  2401             7
  2402             5
  2403             7
  2404             4
  2405             8
  2406             3
  2407             5
  2408             3
  2409             6
  2410             6
  2411             3
  2412             6
  2413             2
  2414             7
  2415             4
  2416             3
  2417             2
  2418             4
  2419             3
  2420             8
  2421             4
  2422             2
  2423             1
  2424             4
  2425             9
  2426             3
  2427             1
  2428             1
  2429             5
  2430             6
  2431             1
  2432             4
  2433             5
  2434             3
  2435             4
  2436             3
  2437             5
  2438             3
  2439             5
  2440             3
  2441             4
  2442             6
  2443             4
  2444             4
  2445             7
  2446             8
  2447             4
  2448             3
  2449             8
  2450            10
  2451            11
  2452            12
  2453             7
  2454             9
  2455             8
  2456             5
  2457             8
  2458             8
  2459            12
  2460             9
  2461             6
  2462            11
  2463            12
  2464            12
  2465            10
  2466             9
  2467             7
  2468            14
  2469             9
  2470            17
  2471             9
  2472            11
  2473            18
  2474            13
  2475            11
  2476             6
  2477            20
  2478             7
  2479            11
  2480            13
  2481            18
  2482            11
  2483            14
  2484            13
  2485            15
  2486            16
  2487            20
  2488            18
  2489            13
  2490            17
  2491            15
  2492            18
  2493            12
  2494            11
  2495            16
  2496            16
  2497            14
  2498            11
  2499            26
  2500            14
  2501            14
  2502            15
  2503            11
  2504            18
  2505            17
  2506            16
  2507            15
  2508            17
  2509             9
  2510            15
  2511            24
  2512            14
  2513            16
  2514            10
  2515            14
  2516            16
  2517            15
  2518            14
  2519            12
  2520            15
  2521            14
  2522            12
  2523            15
  2524            10
  2525            14
  2526            14
  2527            17
  2528            11
  2529             9
  2530            11
  2531            14
  2532             6
  2533            16
  2534             9
  2535            10
  2536            13
  2537            10
  2538            11
  2539            15
  2540            11
  2541            10
  2542             8
  2543            10
  2544            13
  2545             9
  2546             4
  2547             9
  2548            13
  2549             7
  2550            14
  2551             8
  2552            12
  2553            11
  2554             4
  2555            10
  2556             4
  2557             9
  2558             9
  2559             5
  2560             6
  2561            14
  2562             6
  2563             2
  2564             3
  2565             6
  2566             4
  2567             4
  2568             3
  2569             5
  2570             2
  2571             3
  2572             0
  2573             4
  2574             7
  2575             3
  2576             2
  2577             1
  2578             7
  2579             0
  2580             0
  2581             1
  2582             4
  2583             1
  2584             3
  2585             1
  2586             1
  2587             2
  2588             3
  2589             3
  2590             1
  2591             1
  2592             3
  2593             3
  2594             1
  2595             1
  2596             1
  2597             2
  2598             3
  2599             0
  2600             0
  2601             1
  2602             2
  2603             2
  2604             2
  2605             1
  2606             2
  2607             0
  2608             1
  2609             3
  2610             1
  2611             0
  2612             2
  2613             0
  2614             2
  2615             1
  2616             1
  2617             0
  2618             2
  2619             0
  2620             1
  2621             0
  2622             1
  2623             0
  2624             1
  2625             0
  2626             0
  2627             0
  2628             2
  2629             0
  2630             0
  2631             0
  2632             1
  2633             1
  2634             0
  2635             1
  2636             1
  2637             3
  2638             4
  2639             0
  2640             0
  2641             0
  2642             1
  2643             0
  2644             1
  2645             0
  2646             0
  2647             2
  2648             2
  2649             0
  2650             0
  2651             1
  2652             0
  2653             0
  2654             1
  2655             1
  2656             0
  2657             1
  2658             1
  2659             2
  2660             0
  2661             0
  2662             3
  2663             1
  2664             0
  2665             0
  2666             0
  2667             0
  2668             2
  2669             0
  2670             0
  2671             3
  2672             2
  2673             0
  2674             2
  2675             2
  2676             2
  2677             1
  2678             0
  2679             2
  2680             3
  2681             1
  2682             1
  2683             3
  2684             4
  2685             4
  2686             2
  2687             1
  2688             2
  2689             4
  2690             4
  2691             3
  2692             1
  2693             3
  2694             0
  2695             2
  2696             1
  2697             4
  2698             3
  2699             4
  2700             6
  2701             3
  2702             3
  2703             2
  2704             6
  2705             5
  2706             4
  2707             6
  2708             4
  2709             5
  2710             5
  2711             7
  2712            10
  2713             5
  2714             7
  2715             7
  2716            10
  2717             5
  2718             8
  2719             6
  2720             7
  2721             8
  2722            19
  2723             7
  2724            13
  2725             6
  2726            14
  2727            10
  2728            13
  2729             7
  2730            13
  2731            10
  2732            15
  2733             9
  2734            14
  2735            20
  2736            17
  2737            15
  2738            14
  2739            11
  2740            13
  2741            11
  2742            21
  2743            24
  2744            13
  2745            20
  2746            14
  2747            17
  2748            25
  2749            15
  2750            14
  2751            10
  2752            17
  2753            19
  2754            17
  2755            22
  2756            13
  2757            17
  2758            21
  2759            18
  2760            22
  2761            22
  2762            11
  2763            16
  2764            20
  2765            19
  2766            19
  2767            10
  2768            10
  2769            22
  2770            17
  2771            11
  2772            10
  2773            14
  2774            23
  2775            22
  2776            13
  2777            15
  2778            11
  2779            14
  2780            19
  2781            13
  2782             8
  2783            14
  2784            15
  2785            12
  2786             9
  2787             8
  2788            13
  2789             8
  2790            12
  2791             7
  2792            14
  2793             9
  2794            11
  2795             5
  2796             8
  2797             9
  2798             3
  2799             3
  2800            10
  2801             8
  2802             4
  2803             5
  2804            10
  2805             6
  2806             4
  2807             5
  2808             5
  2809             7
  2810             4
  2811             5
  2812             7
  2813             4
  2814             6
  2815             3
  2816             6
  2817             2
  2818             3
  2819             5
  2820             2
  2821             1
  2822             5
  2823             4
  2824             2
  2825             0
  2826             1
  2827             2
  2828             1
  2829             0
  2830             1
  2831             0
  2832             1
  2833             1
  2834             2
  2835             2
  2836             1
  2837             5
  2838             1
  2839             1
  2840             2
  2841             0
  2842             4
  2843             0
  2844             2
  2845             1
  2846             0
  2847             2
  2848             0
  2849             1
  2850             3
  2851             0
  2852             1
  2853             0
  2854             0
  2855             1
  2856             0
  2857             2
  2858             0
  2859             1
  2860             0
  2861             1
  2862             1
  2863             0
  2864             1
  2865             0
  2866             1
  2867             1
  2868             2
  2869             0
  2870             0
  2871             1
  2872             1
  2873             2
  2874             3
  2875             2
  2876             0
  2877             2
  2878             1
  2879             2
  2880             1
  2881             1
  2882             0
  2883             4
  2884             1
  2885             1
  2886             2
  2887             1
  2888             0
  2889             3
  2890             3
  2891             1
  2892             1
  2893             3
  2894             2
  2895             1
  2896             4
  2897             4
  2898             1
  2899             1
  2900             2
  2901             3
  2902             1
  2903             1
  2904             1
  2905             2
  2906             0
  2907             1
  2908             1
  2909             0
  2910             1
  2911             2
  2912             1
  2913             2
  2914             2
  2915             7
  2916             4
  2917             1
  2918             3
  2919             2
  2920             2
  2921             1
  2922             0
  2923             2
  2924             1
  2925             0
  2926             2
  2927             2
  2928             2
  2929             2
  2930             2
  2931             1
  2932             2
  2933             3
  2934             3
  2935             0
  2936             1
  2937             0
  2938             0
  2939             0
  2940             2
  2941             4
  2942             2
  2943             1
  2944             1
  2945             1
  2946             2
  2947             0
  2948             1
  2949             0
  2950             1
  2951             1
  2952             0
  2953             0
  2954             0
  2955             1
  2956             0
  2957             0
  2958             1
  2959             0
  2960             0
  2961             0
  2962             1
  2963             0
  2964             0
  2965             0
  2966             2
  2967             1
  2968             1
  2969             0
  2970             1
  2971             0
  2972             0
  2973             0
  2974             0
  2975             0
  2976             0
  2977             0
  2978             0
  2979             0
  2980             0
  2981             1
  2982             0
  2983             0
  2984             0
  2985             0
  2986             0
  2987             1
  2988             0
  2989             0
  2990             0
  2991             0
  2992             0
  2993             1
  2994             0
  2995             0
  2996             1
  2997             1
  2998             0
  2999             0
  3000             0
  3001             0
  3002             0
  3003             1
  3004             0
  3005             1
  3006             0
  3007             0
  3008             0
  3009             0
  3010             1
  3011             1
  3012             0
  3013             0
  3014             0
  3015             0
  3016             0
  3017             0
  3018             1
  3019             0
  3020             0
  3021             0
  3022             0
  3023             0
  3024             0
  3025             1
  3026             0
  3027             0
  3028             0
  3029             0
  3030             0
  3031             0
  3032             0
  3033             0
  3034             0
  3035             0
  3036             0
  3037             1
  3038             2
  3039             0
  3040             1
  3041             0
  3042             0
  3043             0
  3044             0
  3045             1
  3046             0
  3047             0
  3048             2
  3049             0
  3050             0
  3051             0
  3052             0
  3053             0
  3054             1
  3055             0
  3056             0
  3057             0
  3058             0
  3059             0
  3060             0
  3061             0
  3062             0
  3063             0
  3064             0
  3065             0
  3066             0
  3067             2
  3068             0
  3069             0
  3070             0
  3071             0
  3072             0
  3073             0
  3074             0
  3075             0
  3076             0
  3077             0
  3078             1
  3079             0
  3080             0
  3081             0
  3082             0
  3083             1
  3084             0
  3085             0
  3086             0
  3087             0
  3088             0
  3089             0
  3090             0
  3091             0
  3092             1
  3093             0
  3094             0
  3095             0
  3096             0
  3097             0
  3098             0
  3099             0
  3100             1
  3101             0
  3102             0
  3103             0
  3104             0
  3105             1
  3106             0
  3107             0
  3108             0
  3109             0
  3110             0
  3111             0
  3112             0
  3113             1
  3114             0
  3115             0
  3116             1
  3117             1
  3118             0
  3119             1
  3120             1
  3121             0
  3122             0
  3123             0
  3124             0
  3125             0
  3126             0
  3127             0
  3128             0
  3129             0
  3130             1
  3131             0
  3132             0
  3133             0
  3134             0
  3135             0
  3136             0
  3137             0
  3138             0
  3139             1
  3140             0
  3141             2
  3142             0
  3143             0
  3144             0
  3145             0
  3146             0
  3147             1
  3148             1
  3149             0
  3150             0
  3151             1
  3152             0
  3153             0
  3154             1
  3155             2
  3156             0
  3157             0
  3158             0
  3159             1
  3160             0
  3161             0
  3162             0
  3163             1
  3164             0
  3165             0
  3166             0
  3167             1
  3168             0
  3169             0
  3170             0
  3171             0
  3172             0
  3173             1
  3174             0
  3175             0
  3176             0
  3177             0
  3178             2
  3179             0
  3180             0
  3181             0
  3182             0
  3183             0
  3184             0
  3185             0
  3186             1
  3187             0
  3188             1
  3189             1
  3190             0
  3191             1
  3192             0
  3193             0
  3194             0
  3195             0
  3196             1
  3197             0
  3198             0
  3199             1
  3200             0
  3201             0
  3202             1
  3203             0
  3204             0
  3205             0
  3206             0
  3207             0
  3208             0
  3209             1
  3210             0
  3211             0
  3212             0
  3213             0
  3214             1
  3215             0
  3216             0
  3217             1
  3218             0
  3219             0
  3220             0
  3221             0
  3222             0
  3223             0
  3224             1
  3225             0
  3226             0
  3227             1
  3228             0
  3229             0
  3230             2
  3231             0
  3232             0
  3233             0
  3234             0
  3235             0
  3236             0
  3237             0
  3238             0
  3239             1
  3240             0
  3241             0
  3242             0
  3243             1
  3244             1
  3245             1
  3246             0
  3247             1
  3248             0
  3249             0
  3250             0
  3251             0
  3252             1
  3253             0
  3254             1
  3255             0
  3256             0
  3257             1
  3258             0
  3259             1
  3260             0
  3261             1
  3262             1
  3263             0
  3264             0
  3265             0
  3266             0
  3267             0
  3268             1
  3269             0
  3270             0
  3271             1
  3272             0
  3273             0
  3274             1
  3275             0
  3276             0
  3277             0
  3278             0
  3279             0
  3280             0
  3281             0
  3282             0
  3283             0
  3284             0
  3285             0
  3286             0
  3287             0
  3288             0
  3289             0
  3290             0
  3291             0
  3292             0
  3293             0
  3294             0
  3295             0
  3296             1
  3297             0
  3298             1
  3299             0
  3300             0
  3301             0
  3302             0
  3303             0
  3304             0
  3305             1
  3306             0
  3307             0
  3308             0
  3309             1
  3310             0
  3311             0
  3312             0
  3313             0
  3314             0
  3315             0
  3316             1
  3317             0
  3318             0
  3319             0
  3320             1
  3321             0
  3322             0
  3323             1
  3324             0
  3325             0
  3326             0
  3327             1
  3328             0
  3329             1
  3330             0
  3331             1
  3332             0
  3333             0
  3334             0
  3335             0
  3336             1
  3337             0
  3338             1
  3339             0
  3340             1
  3341             0
  3342             1
  3343             1
  3344             0
  3345             0
  3346             0
  3347             0
  3348             0
  3349             0
  3350             1
  3351             1
  3352             0
  3353             2
  3354             1
  3355             0
  3356             1
  3357             0
  3358             2
  3359             0
  3360             0
  3361             0
  3362             0
  3363             0
  3364             0
  3365             0
  3366             3
  3367             1
  3368             0
  3369             2
  3370             0
  3371             1
  3372             0
  3373             0
  3374             0
  3375             0
  3376             0
  3377             0
  3378             0
  3379             0
  3380             0
  3381             0
  3382             0
  3383             0
  3384             0
  3385             1
  3386             0
  3387             1
  3388             0
  3389             0
  3390             0
  3391             1
  3392             0
  3393             0
  3394             0
  3395             0
  3396             0
  3397             0
  3398             0
  3399             0
  3400             1
  3401             1
  3402             0
  3403             0
  3404             0
  3405             3
  3406             1
  3407             0
  3408             2
  3409             1
  3410             1
  3411             0
  3412             0
  3413             0
  3414             1
  3415             0
  3416             2
  3417             1
  3418             0
  3419             0
  3420             1
  3421             0
  3422             1
  3423             0
  3424             0
  3425             0
  3426             1
  3427             1
  3428             2
  3429             1
  3430             1
  3431             1
  3432             0
  3433             0
  3434             0
  3435             0
  3436             0
  3437             0
  3438             0
  3439             0
  3440             1
  3441             0
  3442             3
  3443             1
  3444             3
  3445             1
  3446             2
  3447             1
  3448             0
  3449             3
  3450             0
  3451             1
  3452             0
  3453             1
  3454             1
  3455             2
  3456             2
  3457             3
  3458             0
  3459             3
  3460             1
  3461             0
  3462             0
  3463             3
  3464             4
  3465             0
  3466             1
  3467             1
  3468             3
  3469             4
  3470             5
  3471             4
  3472             2
  3473             2
  3474             1
  3475             3
  3476             1
  3477             1
  3478             2
  3479             2
  3480             2
  3481             0
  3482             2
  3483             3
  3484             4
  3485             1
  3486             1
  3487             2
  3488             2
  3489             2
  3490             4
  3491             3
  3492             3
  3493             2
  3494             1
  3495             2
  3496             0
  3497             1
  3498             1
  3499             2
  3500             1
  3501             2
  3502             2
  3503             1
  3504             2
  3505             1
  3506             6
  3507             0
  3508             2
  3509             3
  3510             2
  3511             0
  3512             4
  3513             3
  3514             4
  3515             0
  3516             1
  3517             2
  3518             1
  3519             3
  3520             2
  3521             0
  3522             1
  3523             2
  3524             1
  3525             1
  3526             2
  3527             3
  3528             1
  3529             4
  3530             1
  3531             1
  3532             2
  3533             3
  3534             0
  3535             1
  3536             3
  3537             0
  3538             0
  3539             4
  3540             1
  3541             3
  3542             0
  3543             1
  3544             2
  3545             4
  3546             0
  3547             0
  3548             1
  3549             4
  3550             2
  3551             4
  3552             2
  3553             0
  3554             3
  3555             0
  3556             1
  3557             2
  3558             2
  3559             3
  3560             0
  3561             1
  3562             5
  3563             2
  3564             6
  3565             0
  3566             1
  3567             0
  3568             2
  3569             1
  3570             1
  3571             2
  3572             4
  3573             1
  3574             2
  3575             1
  3576             7
  3577             4
  3578             5
  3579             2
  3580             2
  3581             6
  3582             3
  3583             1
  3584             3
  3585             4
  3586             4
  3587             4
  3588             2
  3589             4
  3590             3
  3591             3
  3592            11
  3593             3
  3594             5
  3595             4
  3596             2
  3597            12
  3598             7
  3599             4
  3600            11
  3601             8
  3602             3
  3603             5
  3604             4
  3605             6
  3606             5
  3607             4
  3608             6
  3609             5
  3610            10
  3611             6
  3612            10
  3613             9
  3614             5
  3615             5
  3616            15
  3617             8
  3618             2
  3619             8
  3620             8
  3621             8
  3622             5
  3623            12
  3624             7
  3625            12
  3626             8
  3627             5
  3628            11
  3629             9
  3630            10
  3631             8
  3632             6
  3633            11
  3634             7
  3635             9
  3636            10
  3637             8
  3638            12
  3639            11
  3640            11
  3641            10
  3642            10
  3643             3
  3644             9
  3645            10
  3646             7
  3647            13
  3648             7
  3649            13
  3650            10
  3651            11
  3652             7
  3653            10
  3654             6
  3655             2
  3656            10
  3657             9
  3658             9
  3659             4
  3660             8
  3661             5
  3662             6
  3663             7
  3664             4
  3665             8
  3666             7
  3667             3
  3668             4
  3669            13
  3670             8
  3671             5
  3672             6
  3673             7
  3674             9
  3675             6
  3676             4
  3677             1
  3678             6
  3679             5
  3680             7
  3681             5
  3682             2
  3683             5
  3684             8
  3685             9
  3686             4
  3687             3
  3688             2
  3689             5
  3690             4
  3691             3
  3692             8
  3693             5
  3694             3
  3695             5
  3696             0
  3697             2
  3698             1
  3699             3
  3700             1
  3701             0
  3702             3
  3703             3
  3704             2
  3705             0
  3706             1
  3707             0
  3708             3
  3709             1
  3710             3
  3711             0
  3712             2
  3713             0
  3714             3
  3715             0
  3716             0
  3717             0
  3718             2
  3719             0
  3720             0
  3721             0
  3722             0
  3723             0
  3724             1
  3725             0
  3726             0
  3727             0
  3728             0
  3729             0
  3730             0
  3731             0
  3732             0
  3733             0
  3734             0
  3735             0
  3736             0
  3737             0
  3738             0
  3739             0
  3740             0
  3741             0
  3742             0
  3743             0
  3744             0
  3745             0
  3746             0
  3747             0
  3748             1
  3749             0
  3750             0
  3751             0
  3752             0
  3753             0
  3754             0
  3755             0
  3756             0
  3757             0
  3758             0
  3759             0
  3760             1
  3761             1
  3762             0
  3763             0
  3764             1
  3765             1
  3766             0
  3767             0
  3768             1
  3769             0
  3770             0
  3771             0
  3772             0
  3773             0
  3774             0
  3775             0
  3776             0
  3777             1
  3778             0
  3779             0
  3780             0
  3781             0
  3782             0
  3783             0
  3784             0
  3785             0
  3786             1
  3787             0
  3788             0
  3789             0
  3790             0
  3791             0
  3792             0
  3793             0
  3794             0
  3795             1
  3796             0
  3797             0
  3798             0
  3799             0
  3800             0
  3801             0
  3802             0
  3803             1
  3804             0
  3805             0
  3806             0
  3807             0
  3808             0
  3809             0
  3810             0
  3811             0
  3812             0
  3813             0
  3814             0
  3815             0
  3816             0
  3817             1
  3818             0
  3819             1
  3820             0
  3821             0
  3822             0
  3823             0
  3824             0
  3825             0
  3826             0
  3827             2
  3828             0
  3829             0
  3830             0
  3831             0
  3832             0
  3833             0
  3834             0
  3835             0
  3836             0
  3837             0
  3838             0
  3839             0
  3840             0
  3841             0
  3842             0
  3843             0
  3844             0
  3845             0
  3846             0
  3847             0
  3848             1
  3849             0
  3850             0
  3851             0
  3852             1
  3853             0
  3854             0
  3855             0
  3856             0
  3857             0
  3858             0
  3859             0
  3860             0
  3861             0
  3862             0
  3863             0
  3864             0
  3865             0
  3866             0
  3867             0
  3868             0
  3869             0
  3870             0
  3871             0
  3872             0
  3873             0
  3874             0
  3875             0
  3876             1
  3877             0
  3878             0
  3879             1
  3880             0
  3881             0
  3882             1
  3883             1
  3884             0
  3885             1
  3886             0
  3887             0
  3888             1
  3889             0
  3890             1
  3891             0
  3892             0
  3893             0
  3894             1
  3895             0
  3896             0
  3897             0
  3898             0
  3899             0
  3900             0
  3901             1
  3902             0
  3903             0
  3904             0
  3905             0
  3906             0
  3907             0
  3908             0
  3909             0
  3910             0
  3911             0
  3912             0
  3913             0
  3914             0
  3915             0
  3916             0
  3917             0
  3918             0
  3919             0
  3920             0
  3921             0
  3922             0
  3923             0
  3924             0
  3925             0
  3926             0
  3927             0
  3928             0
  3929             0
  3930             0
  3931             0
  3932             1
  3933             0
  3934             0
  3935             0
  3936             1
  3937             0
  3938             0
  3939             1
  3940             0
  3941             1
  3942             0
  3943             0
  3944             0
  3945             0
  3946             1
  3947             0
  3948             0
  3949             0
  3950             0
  3951             0
  3952             0
  3953             0
  3954             0
  3955             0
  3956             0
  3957             0
  3958             0
  3959             0
  3960             0
  3961             0
  3962             0
  3963             0
  3964             0
  3965             0
  3966             0
  3967             0
  3968             0
  3969             0
  3970             0
  3971             0
  3972             0
  3973             0
  3974             0
  3975             0
  3976             1
  3977             0
  3978             0
  3979             0
  3980             0
  3981             0
  3982             0
  3983             0
  3984             0
  3985             0
  3986             0
  3987             0
  3988             0
  3989             0
  3990             0
  3991             0
  3992             0
  3993             0
  3994             0
  3995             0
  3996             0
  3997             0
  3998             0
  3999             0
  4000             0
  4001             0
  4002             0
  4003             1
  4004             0
  4005             1
  4006             0
  4007             0
  4008             0
  4009             1
  4010             0
  4011             0
  4012             0
  4013             0
  4014             0
  4015             0
  4016             0
  4017             0
  4018             0
  4019             0
  4020             0
  4021             0
  4022             0
  4023             0
  4024             0
  4025             0
  4026             0
  4027             0
  4028             1
  4029             0
  4030             0
  4031             0
  4032             0
  4033             0
  4034             0
  4035             0
  4036             0
  4037             1
  4038             0
  4039             0
  4040             0
  4041             0
  4042             0
  4043             0
  4044             0
  4045             0
  4046             0
  4047             1
  4048             0
  4049             0
  4050             0
  4051             0
  4052             0
  4053             0
  4054             0
  4055             0
  4056             0
  4057             0
  4058             0
  4059             0
  4060             0
  4061             0
  4062             0
  4063             0
  4064             0
  4065             0
  4066             0
  4067             0
  4068             0
  4069             0
  4070             0
  4071             0
  4072             1
  4073             0
  4074             0
  4075             1
  4076             0
  4077             0
  4078             0
  4079             0
  4080             0
  4081             0
  4082             0
  4083             0
  4084             0
  4085             0
  4086             0
  4087             0
  4088             0
  4089             0
  4090             0
  4091             0
  4092             0
  4093             0
  4094             0
  4095             0
