     0             0
     1             0
     2             0
     3             0
     4             0
     5             0
     6             0
     7             0
     8             0
     9             0
    10             0
    11             0
    12             0
    13             0
    14             0
    15             0
    16             0
    17             0
    18             0
    19             0
    20             0
    21             0
    22             0
    23             0
    24             0
    25             0
    26             0
    27             0
    28             0
    29             0
    30             0
    31             0
    32             0
    33             0
    34             0
    35             0
    36             0
    37             0
    38             0
    39             0
    40             0
    41             0
    42             0
    43             0
    44             0
    45             0
    46             0
    47             0
    48             0
    49             0
    50             0
    51             0
    52             0
    53             0
    54             0
    55             0
    56             0
    57             0
    58             0
    59             0
    60             0
    61             0
    62             0
    63             0
    64             0
    65             0
    66             0
    67             0
    68             0
    69             0
    70             0
    71             0
    72             0
    73             0
    74             0
    75             0
    76             0
    77             0
    78             0
    79             0
    80             0
    81             0
    82             0
    83             0
    84             0
    85             0
    86             0
    87             0
    88             0
    89             0
    90             0
    91             0
    92             0
    93             0
    94             0
    95             0
    96             0
    97             0
    98             0
    99             0
   100             0
   101             0
   102             0
   103             0
   104             0
   105             0
   106             0
   107             0
   108             0
   109             0
   110             0
   111             0
   112             0
   113             0
   114             0
   115             0
   116             0
   117             0
   118             0
   119             0
   120             0
   121             0
   122             0
   123             0
   124             0
   125             0
   126             0
   127             0
   128             0
   129             0
   130             0
   131             0
   132             0
   133             0
   134             0
   135             0
   136             0
   137             0
   138             0
   139             0
   140             0
   141             0
   142             0
   143             0
   144             0
   145             0
   146             0
   147             0
   148             0
   149             0
   150             0
   151             0
   152             0
   153             0
   154             0
   155             0
   156             0
   157             0
   158             1
   159            10
   160            23
   161            18
   162            12
   163            14
   164            32
   165            12
   166            12
   167            14
   168            14
   169            14
   170            19
   171            15
   172            13
   173            14
   174            14
   175            14
   176            11
   177             7
   178            13
   179             4
   180            11
   181            14
   182            11
   183            10
   184            10
   185            12
   186            14
   187             5
   188            12
   189            10
   190            12
   191             6
   192             8
   193             6
   194             6
   195             5
   196             9
   197             5
   198             6
   199            11
   200             7
   201             8
   202             5
   203             4
   204             6
   205            11
   206             4
   207             4
   208             5
   209             5
   210             2
   211             6
   212             6
   213             3
   214             2
   215             5
   216             4
   217             5
   218             6
   219             4
   220             6
   221             5
   222             3
   223             5
   224             3
   225             4
   226             2
   227             4
   228             6
   229             3
   230             2
   231             1
   232             6
   233             5
   234             1
   235             3
   236             2
   237             3
   238             3
   239             4
   240             4
   241             2
   242             3
   243             1
   244             0
   245             5
   246             2
   247             2
   248             2
   249             3
   250             3
   251             4
   252             2
   253             3
   254             0
   255             1
   256             6
   257             3
   258             2
   259             1
   260             3
   261             3
   262             1
   263             0
   264             4
   265             5
   266             2
   267             3
   268             3
   269             2
   270             2
   271             3
   272             1
   273             1
   274             3
   275             1
   276             0
   277             2
   278             2
   279             0
   280             2
   281             3
   282             2
   283             5
   284             2
   285             0
   286             0
   287             1
   288             0
   289             0
   290             0
   291             1
   292             3
   293             1
   294             2
   295             3
   296             1
   297             2
   298             0
   299             1
   300             2
   301             0
   302             2
   303             1
   304             1
   305             2
   306             2
   307             0
   308             0
   309             3
   310             1
   311             2
   312             1
   313             1
   314             2
   315             4
   316             0
   317             1
   318             0
   319             1
   320             0
   321             0
   322             1
   323             0
   324             0
   325             0
   326             0
   327             1
   328             4
   329             2
   330             0
   331             1
   332             3
   333             0
   334             0
   335             2
   336             0
   337             0
   338             1
   339             1
   340             2
   341             2
   342             2
   343             0
   344             1
   345             0
   346             2
   347             0
   348             2
   349             1
   350             1
   351             0
   352             0
   353             1
   354             0
   355             1
   356             2
   357             0
   358             2
   359             2
   360             1
   361             3
   362             1
   363             1
   364             1
   365             1
   366             1
   367             0
   368             1
   369             2
   370             1
   371             3
   372             2
   373             1
   374             2
   375             1
   376             0
   377             0
   378             1
   379             1
   380             1
   381             0
   382             1
   383             0
   384             2
   385             0
   386             0
   387             1
   388             0
   389             2
   390             3
   391             0
   392             1
   393             0
   394             1
   395             1
   396             1
   397             0
   398             1
   399             0
   400             1
   401             4
   402             1
   403             0
   404             0
   405             1
   406             1
   407             0
   408             0
   409             1
   410             1
   411             0
   412             0
   413             1
   414             1
   415             2
   416             3
   417             0
   418             2
   419             0
   420             0
   421             1
   422             1
   423             1
   424             0
   425             0
   426             0
   427             0
   428             0
   429             1
   430             0
   431             2
   432             4
   433             0
   434             2
   435             1
   436             0
   437             0
   438             2
   439             1
   440             1
   441             0
   442             1
   443             1
   444             1
   445             0
   446             4
   447             2
   448             0
   449             0
   450             0
   451             2
   452             0
   453             1
   454             0
   455             0
   456             0
   457             1
   458             0
   459             0
   460             0
   461             0
   462             1
   463             0
   464             1
   465             0
   466             1
   467             1
   468             0
   469             2
   470             0
   471             1
   472             1
   473             0
   474             0
   475             0
   476             1
   477             0
   478             1
   479             2
   480             0
   481             0
   482             3
   483             1
   484             0
   485             3
   486             0
   487             0
   488             1
   489             0
   490             0
   491             0
   492             0
   493             1
   494             1
   495             0
   496             2
   497             0
   498             3
   499             2
   500             0
   501             0
   502             1
   503             0
   504             0
   505             2
   506             1
   507             3
   508             1
   509             1
   510             1
   511             1
   512             1
   513             1
   514             0
   515             1
   516             0
   517             1
   518             0
   519             3
   520             1
   521             1
   522             0
   523             0
   524             0
   525             1
   526             0
   527             0
   528             1
   529             2
   530             1
   531             0
   532             0
   533             3
   534             1
   535             1
   536             2
   537             2
   538             1
   539             2
   540             1
   541             0
   542             1
   543             2
   544             0
   545             1
   546             0
   547             1
   548             0
   549             1
   550             1
   551             2
   552             0
   553             1
   554             1
   555             1
   556             0
   557             1
   558             0
   559             0
   560             2
   561             0
   562             0
   563             0
   564             0
   565             1
   566             2
   567             0
   568             3
   569             0
   570             0
   571             1
   572             0
   573             0
   574             1
   575             1
   576             0
   577             3
   578             2
   579             2
   580             1
   581             0
   582             0
   583             2
   584             0
   585             1
   586             2
   587             1
   588             2
   589             2
   590             0
   591             0
   592             3
   593             1
   594             1
   595             0
   596             0
   597             2
   598             0
   599             0
   600             0
   601             1
   602             1
   603             1
   604             1
   605             1
   606             0
   607             0
   608             2
   609             1
   610             0
   611             0
   612             1
   613             1
   614             0
   615             1
   616             0
   617             2
   618             0
   619             1
   620             2
   621             1
   622             0
   623             1
   624             1
   625             1
   626             1
   627             3
   628             1
   629             0
   630             0
   631             0
   632             0
   633             0
   634             1
   635             1
   636             1
   637             2
   638             1
   639             0
   640             1
   641             2
   642             0
   643             0
   644             0
   645             0
   646             1
   647             0
   648             1
   649             0
   650             2
   651             0
   652             2
   653             0
   654             2
   655             1
   656             1
   657             0
   658             2
   659             0
   660             1
   661             1
   662             0
   663             0
   664             0
   665             0
   666             0
   667             3
   668             2
   669             1
   670             3
   671             0
   672             0
   673             2
   674             0
   675             3
   676             3
   677             0
   678             0
   679             0
   680             2
   681             0
   682             2
   683             1
   684             1
   685             0
   686             2
   687             2
   688             1
   689             1
   690             0
   691             0
   692             0
   693             0
   694             1
   695             1
   696             1
   697             2
   698             1
   699             1
   700             0
   701             0
   702             0
   703             2
   704             2
   705             1
   706             0
   707             3
   708             1
   709             1
   710             2
   711             2
   712             0
   713             3
   714             0
   715             1
   716             1
   717             1
   718             3
   719             0
   720             1
   721             1
   722             2
   723             0
   724             0
   725             0
   726             2
   727             3
   728             0
   729             0
   730             1
   731             1
   732             2
   733             0
   734             0
   735             1
   736             2
   737             2
   738             2
   739             4
   740             1
   741             1
   742             2
   743             0
   744             0
   745             0
   746             0
   747             1
   748             0
   749             0
   750             0
   751             2
   752             0
   753             1
   754             1
   755             0
   756             0
   757             1
   758             0
   759             3
   760             0
   761             0
   762             0
   763             3
   764             1
   765             2
   766             1
   767             1
   768             1
   769             1
   770             2
   771             0
   772             1
   773             0
   774             0
   775             0
   776             0
   777             1
   778             0
   779             1
   780             0
   781             0
   782             2
   783             0
   784             0
   785             1
   786             0
   787             1
   788             0
   789             1
   790             1
   791             0
   792             0
   793             1
   794             0
   795             1
   796             1
   797             1
   798             2
   799             2
   800             2
   801             1
   802             0
   803             1
   804             5
   805             2
   806             2
   807             3
   808             0
   809             1
   810             0
   811             1
   812             0
   813             1
   814             0
   815             1
   816             0
   817             0
   818             2
   819             0
   820             1
   821             0
   822             0
   823             1
   824             1
   825             2
   826             0
   827             2
   828             0
   829             0
   830             2
   831             1
   832             1
   833             2
   834             1
   835             1
   836             0
   837             0
   838             0
   839             3
   840             2
   841             0
   842             0
   843             1
   844             0
   845             1
   846             1
   847             0
   848             1
   849             0
   850             0
   851             1
   852             1
   853             1
   854             3
   855             0
   856             3
   857             2
   858             2
   859             1
   860             2
   861             1
   862             3
   863             2
   864             0
   865             1
   866             3
   867             0
   868             0
   869             0
   870             2
   871             2
   872             2
   873             1
   874             0
   875             0
   876             0
   877             3
   878             0
   879             3
   880             1
   881             0
   882             1
   883             3
   884             3
   885             1
   886             1
   887             2
   888             1
   889             2
   890             1
   891             0
   892             0
   893             1
   894             0
   895             1
   896             0
   897             0
   898             1
   899             1
   900             1
   901             0
   902             0
   903             0
   904             0
   905             0
   906             2
   907             1
   908             2
   909             0
   910             3
   911             0
   912             0
   913             0
   914             0
   915             2
   916             2
   917             1
   918             0
   919             1
   920             0
   921             1
   922             3
   923             1
   924             1
   925             2
   926             2
   927             2
   928             1
   929             0
   930             2
   931             1
   932             0
   933             1
   934             1
   935             0
   936             1
   937             2
   938             1
   939             0
   940             0
   941             1
   942             0
   943             0
   944             1
   945             2
   946             1
   947             1
   948             0
   949             0
   950             0
   951             1
   952             1
   953             1
   954             1
   955             1
   956             1
   957             1
   958             0
   959             1
   960             1
   961             3
   962             0
   963             0
   964             0
   965             2
   966             0
   967             1
   968             2
   969             3
   970             1
   971             0
   972             2
   973             0
   974             2
   975             0
   976             0
   977             0
   978             1
   979             6
   980             1
   981             2
   982             1
   983             0
   984             1
   985             0
   986             2
   987             1
   988             2
   989             1
   990             0
   991             1
   992             1
   993             0
   994             1
   995             1
   996             0
   997             0
   998             1
   999             0
  1000             2
  1001             1
  1002             2
  1003             0
  1004             3
  1005             1
  1006             1
  1007             2
  1008             0
  1009             2
  1010             0
  1011             1
  1012             0
  1013             1
  1014             1
  1015             3
  1016             1
  1017             2
  1018             2
  1019             0
  1020             0
  1021             3
  1022             2
  1023             1
  1024             1
  1025             0
  1026             1
  1027             0
  1028             2
  1029             2
  1030             0
  1031             0
  1032             1
  1033             0
  1034             4
  1035             2
  1036             1
  1037             1
  1038             0
  1039             0
  1040             1
  1041             4
  1042             0
  1043             1
  1044             2
  1045             1
  1046             0
  1047             1
  1048             0
  1049             1
  1050             1
  1051             0
  1052             1
  1053             1
  1054             1
  1055             0
  1056             2
  1057             1
  1058             0
  1059             0
  1060             1
  1061             2
  1062             1
  1063             0
  1064             2
  1065             0
  1066             1
  1067             2
  1068             0
  1069             1
  1070             1
  1071             1
  1072             2
  1073             1
  1074             0
  1075             0
  1076             1
  1077             0
  1078             0
  1079             0
  1080             0
  1081             3
  1082             1
  1083             2
  1084             3
  1085             0
  1086             1
  1087             3
  1088             0
  1089             1
  1090             1
  1091             4
  1092             1
  1093             0
  1094             0
  1095             1
  1096             1
  1097             0
  1098             2
  1099             0
  1100             2
  1101             0
  1102             0
  1103             3
  1104             2
  1105             0
  1106             0
  1107             0
  1108             0
  1109             0
  1110             3
  1111             1
  1112             2
  1113             1
  1114             0
  1115             3
  1116             0
  1117             3
  1118             4
  1119             1
  1120             0
  1121             0
  1122             3
  1123             0
  1124             0
  1125             2
  1126             2
  1127             0
  1128             1
  1129             1
  1130             2
  1131             4
  1132             1
  1133             1
  1134             0
  1135             2
  1136             4
  1137             1
  1138             0
  1139             1
  1140             1
  1141             2
  1142             1
  1143             3
  1144             0
  1145             1
  1146             2
  1147             1
  1148             2
  1149             0
  1150             3
  1151             3
  1152             1
  1153             2
  1154             3
  1155             2
  1156             0
  1157             0
  1158             1
  1159             4
  1160             0
  1161             0
  1162             1
  1163             1
  1164             1
  1165             0
  1166             1
  1167             0
  1168             0
  1169             1
  1170             0
  1171             2
  1172             2
  1173             1
  1174             1
  1175             1
  1176             2
  1177             0
  1178             2
  1179             0
  1180             1
  1181             2
  1182             1
  1183             1
  1184             2
  1185             0
  1186             0
  1187             2
  1188             0
  1189             2
  1190             2
  1191             2
  1192             1
  1193             0
  1194             1
  1195             0
  1196             1
  1197             0
  1198             0
  1199             4
  1200             0
  1201             0
  1202             0
  1203             3
  1204             4
  1205             0
  1206             0
  1207             0
  1208             0
  1209             2
  1210             0
  1211             2
  1212             2
  1213             1
  1214             0
  1215             4
  1216             0
  1217             0
  1218             1
  1219             1
  1220             0
  1221             1
  1222             1
  1223             0
  1224             2
  1225             0
  1226             0
  1227             2
  1228             0
  1229             1
  1230             1
  1231             1
  1232             2
  1233             1
  1234             2
  1235             1
  1236             3
  1237             1
  1238             0
  1239             4
  1240             2
  1241             2
  1242             0
  1243             1
  1244             1
  1245             1
  1246             0
  1247             1
  1248             2
  1249             2
  1250             1
  1251             1
  1252             0
  1253             1
  1254             2
  1255             0
  1256             1
  1257             1
  1258             0
  1259             1
  1260             1
  1261             2
  1262             3
  1263             2
  1264             0
  1265             2
  1266             1
  1267             6
  1268             0
  1269             1
  1270             0
  1271             1
  1272             2
  1273             1
  1274             4
  1275             1
  1276             0
  1277             0
  1278             1
  1279             2
  1280             2
  1281             1
  1282             1
  1283             0
  1284             0
  1285             1
  1286             1
  1287             2
  1288             2
  1289             0
  1290             1
  1291             1
  1292             1
  1293             2
  1294             1
  1295             0
  1296             1
  1297             2
  1298             1
  1299             1
  1300             0
  1301             1
  1302             1
  1303             1
  1304             2
  1305             2
  1306             1
  1307             1
  1308             1
  1309             1
  1310             0
  1311             0
  1312             1
  1313             0
  1314             0
  1315             2
  1316             2
  1317             1
  1318             1
  1319             1
  1320             1
  1321             3
  1322             1
  1323             1
  1324             2
  1325             1
  1326             0
  1327             2
  1328             1
  1329             1
  1330             3
  1331             2
  1332             1
  1333             2
  1334             0
  1335             1
  1336             1
  1337             2
  1338             2
  1339             2
  1340             1
  1341             2
  1342             3
  1343             0
  1344             0
  1345             1
  1346             2
  1347             1
  1348             1
  1349             2
  1350             1
  1351             1
  1352             2
  1353             4
  1354             3
  1355             2
  1356             0
  1357             1
  1358             2
  1359             1
  1360             1
  1361             0
  1362             0
  1363             0
  1364             0
  1365             2
  1366             1
  1367             2
  1368             4
  1369             0
  1370             1
  1371             0
  1372             0
  1373             2
  1374             1
  1375             3
  1376             1
  1377             3
  1378             0
  1379             1
  1380             0
  1381             0
  1382             0
  1383             1
  1384             1
  1385             1
  1386             1
  1387             1
  1388             0
  1389             1
  1390             0
  1391             0
  1392             2
  1393             2
  1394             2
  1395             0
  1396             2
  1397             2
  1398             0
  1399             1
  1400             2
  1401             4
  1402             1
  1403             2
  1404             0
  1405             1
  1406             1
  1407             1
  1408             1
  1409             5
  1410             3
  1411             1
  1412             3
  1413             3
  1414             3
  1415             1
  1416             1
  1417             1
  1418             0
  1419             1
  1420             1
  1421             0
  1422             0
  1423             1
  1424             1
  1425             2
  1426             2
  1427             2
  1428             1
  1429             3
  1430             4
  1431             0
  1432             2
  1433             2
  1434             1
  1435             0
  1436             3
  1437             0
  1438             3
  1439             0
  1440             1
  1441             2
  1442             1
  1443             2
  1444             3
  1445             1
  1446             0
  1447             1
  1448             1
  1449             2
  1450             2
  1451             1
  1452             3
  1453             0
  1454             2
  1455             3
  1456             2
  1457             1
  1458             0
  1459             1
  1460             1
  1461             0
  1462             0
  1463             1
  1464             3
  1465             2
  1466             1
  1467             3
  1468             3
  1469             3
  1470             1
  1471             0
  1472             1
  1473             1
  1474             3
  1475             0
  1476             2
  1477             3
  1478             0
  1479             1
  1480             5
  1481             1
  1482             2
  1483             1
  1484             0
  1485             3
  1486             0
  1487             3
  1488             0
  1489             2
  1490             2
  1491             2
  1492             3
  1493             1
  1494             0
  1495             3
  1496             1
  1497             3
  1498             2
  1499             1
  1500             0
  1501             1
  1502             0
  1503             3
  1504             1
  1505             0
  1506             1
  1507             1
  1508             2
  1509             0
  1510             2
  1511             1
  1512             0
  1513             2
  1514             3
  1515             1
  1516             0
  1517             1
  1518             1
  1519             2
  1520             1
  1521             2
  1522             0
  1523             2
  1524             3
  1525             0
  1526             4
  1527             1
  1528             0
  1529             3
  1530             1
  1531             2
  1532             1
  1533             1
  1534             2
  1535             3
  1536             0
  1537             3
  1538             2
  1539             1
  1540             3
  1541             2
  1542             2
  1543             0
  1544             1
  1545             2
  1546             2
  1547             1
  1548             4
  1549             3
  1550             1
  1551             1
  1552             5
  1553             2
  1554             2
  1555             0
  1556             4
  1557             0
  1558             1
  1559             0
  1560             5
  1561             3
  1562             0
  1563             0
  1564             1
  1565             3
  1566             1
  1567             2
  1568             2
  1569             1
  1570             3
  1571             2
  1572             2
  1573             0
  1574             2
  1575             3
  1576             1
  1577             3
  1578             3
  1579             2
  1580             0
  1581             0
  1582             1
  1583             0
  1584             2
  1585             0
  1586             3
  1587             1
  1588             2
  1589             0
  1590             3
  1591             0
  1592             4
  1593             0
  1594             0
  1595             1
  1596             2
  1597             2
  1598             0
  1599             2
  1600             2
  1601             1
  1602             0
  1603             2
  1604             1
  1605             2
  1606             1
  1607             1
  1608             1
  1609             1
  1610             0
  1611             2
  1612             1
  1613             2
  1614             0
  1615             0
  1616             1
  1617             2
  1618             0
  1619             0
  1620             1
  1621             0
  1622             3
  1623             2
  1624             2
  1625             3
  1626             2
  1627             2
  1628             3
  1629             2
  1630             5
  1631             1
  1632             1
  1633             5
  1634             0
  1635             2
  1636             1
  1637             3
  1638             1
  1639             0
  1640             0
  1641             1
  1642             2
  1643             3
  1644             3
  1645             3
  1646             3
  1647             3
  1648             3
  1649             1
  1650             2
  1651             2
  1652             1
  1653             4
  1654             5
  1655             0
  1656             1
  1657             1
  1658             2
  1659             1
  1660             0
  1661             0
  1662             3
  1663             2
  1664             1
  1665             2
  1666             3
  1667             0
  1668             3
  1669             0
  1670             3
  1671             2
  1672             4
  1673             0
  1674             1
  1675             1
  1676             3
  1677             1
  1678             3
  1679             0
  1680             2
  1681             2
  1682             1
  1683             0
  1684             1
  1685             0
  1686             1
  1687             1
  1688             1
  1689             6
  1690             1
  1691             2
  1692             1
  1693             2
  1694             4
  1695             2
  1696             3
  1697             3
  1698             0
  1699             0
  1700             1
  1701             5
  1702             3
  1703             3
  1704             4
  1705             6
  1706             4
  1707             2
  1708             1
  1709             1
  1710             2
  1711             1
  1712             3
  1713             1
  1714             3
  1715             0
  1716             0
  1717             5
  1718             1
  1719             0
  1720             2
  1721             2
  1722             3
  1723             2
  1724             1
  1725             0
  1726             0
  1727             0
  1728             0
  1729             6
  1730             1
  1731             0
  1732             3
  1733             4
  1734             0
  1735             6
  1736             4
  1737             1
  1738             1
  1739             2
  1740             1
  1741             1
  1742             3
  1743             0
  1744             2
  1745             0
  1746             0
  1747             2
  1748             0
  1749             2
  1750             2
  1751             1
  1752             3
  1753             3
  1754             3
  1755             3
  1756             0
  1757             3
  1758             0
  1759             2
  1760             5
  1761             3
  1762             1
  1763             0
  1764             2
  1765             3
  1766             4
  1767             5
  1768             1
  1769             0
  1770             2
  1771             1
  1772             2
  1773             2
  1774             1
  1775             4
  1776             3
  1777             3
  1778             2
  1779             1
  1780             2
  1781             1
  1782             4
  1783             4
  1784             6
  1785             6
  1786             4
  1787             0
  1788             1
  1789             6
  1790             2
  1791             3
  1792             5
  1793             3
  1794             2
  1795             2
  1796             0
  1797             2
  1798             2
  1799             2
  1800             0
  1801             3
  1802             6
  1803             7
  1804             4
  1805             3
  1806             1
  1807             5
  1808             6
  1809             1
  1810             3
  1811             5
  1812             5
  1813             3
  1814             3
  1815             2
  1816             0
  1817             3
  1818             6
  1819             0
  1820             2
  1821             1
  1822             0
  1823             3
  1824             3
  1825             3
  1826             2
  1827             1
  1828             4
  1829             3
  1830             1
  1831             0
  1832             1
  1833             1
  1834             6
  1835             3
  1836             4
  1837             1
  1838             3
  1839             5
  1840             1
  1841             1
  1842             3
  1843             1
  1844             1
  1845             1
  1846             1
  1847             1
  1848             1
  1849             0
  1850             5
  1851             5
  1852             1
  1853             2
  1854             2
  1855             3
  1856             1
  1857             0
  1858             1
  1859             2
  1860             2
  1861             2
  1862             2
  1863             3
  1864             2
  1865             0
  1866             1
  1867             2
  1868             1
  1869             5
  1870             2
  1871             1
  1872             2
  1873             6
  1874             1
  1875             1
  1876             0
  1877             4
  1878             0
  1879             3
  1880             2
  1881             3
  1882             0
  1883             5
  1884             1
  1885             0
  1886             2
  1887             1
  1888             4
  1889             4
  1890             2
  1891             3
  1892             4
  1893             5
  1894             3
  1895             0
  1896             2
  1897             5
  1898             5
  1899             1
  1900             4
  1901             1
  1902             4
  1903             4
  1904             4
  1905             2
  1906             6
  1907             0
  1908             4
  1909             1
  1910             3
  1911             3
  1912             2
  1913             2
  1914             2
  1915             4
  1916             2
  1917             2
  1918             2
  1919             3
  1920             4
  1921             1
  1922             1
  1923             5
  1924             2
  1925             4
  1926             3
  1927             4
  1928             3
  1929             2
  1930             6
  1931             1
  1932             3
  1933             3
  1934             2
  1935             2
  1936             1
  1937             2
  1938             8
  1939             2
  1940             3
  1941             4
  1942             4
  1943             2
  1944             4
  1945             2
  1946             4
  1947             1
  1948             2
  1949             2
  1950             2
  1951             2
  1952             2
  1953             3
  1954             3
  1955             1
  1956             3
  1957             5
  1958             3
  1959             3
  1960             2
  1961             2
  1962             2
  1963             5
  1964             2
  1965             5
  1966             1
  1967             8
  1968             1
  1969             3
  1970             1
  1971             4
  1972             5
  1973             3
  1974             2
  1975             5
  1976             6
  1977             3
  1978             1
  1979             3
  1980             4
  1981             2
  1982             3
  1983             0
  1984             4
  1985             2
  1986             5
  1987             1
  1988             2
  1989             6
  1990             2
  1991             4
  1992             5
  1993             5
  1994             2
  1995             4
  1996             2
  1997             3
  1998             3
  1999             2
  2000             5
  2001             2
  2002             2
  2003             4
  2004             1
  2005             6
  2006             6
  2007             7
  2008             6
  2009             3
  2010            10
  2011             2
  2012             4
  2013             8
  2014             7
  2015             4
  2016             8
  2017             4
  2018             8
  2019             6
  2020             6
  2021             3
  2022             3
  2023            11
  2024             6
  2025             5
  2026             7
  2027             7
  2028             5
  2029             6
  2030             7
  2031            10
  2032            11
  2033             8
  2034            10
  2035             7
  2036             6
  2037            10
  2038             5
  2039             4
  2040             8
  2041            10
  2042             5
  2043            11
  2044             9
  2045             8
  2046            15
  2047            10
  2048            15
  2049             8
  2050             8
  2051            10
  2052            12
  2053             3
  2054             9
  2055             7
  2056            12
  2057            10
  2058             7
  2059             9
  2060            10
  2061            17
  2062            17
  2063            15
  2064             9
  2065            13
  2066            16
  2067            13
  2068            11
  2069            14
  2070            11
  2071            13
  2072            14
  2073            24
  2074            14
  2075            17
  2076            17
  2077            15
  2078            17
  2079            18
  2080            18
  2081            18
  2082            16
  2083            15
  2084            24
  2085            30
  2086            17
  2087            21
  2088            24
  2089            28
  2090            33
  2091            24
  2092            25
  2093            21
  2094            33
  2095            43
  2096            30
  2097            36
  2098            27
  2099            36
  2100            33
  2101            44
  2102            52
  2103            49
  2104            48
  2105            52
  2106            62
  2107            61
  2108            72
  2109            63
  2110            83
  2111            75
  2112            99
  2113            88
  2114            94
  2115            97
  2116           111
  2117           120
  2118           114
  2119           128
  2120           129
  2121           125
  2122           131
  2123           129
  2124           157
  2125           183
  2126           168
  2127           190
  2128           214
  2129           239
  2130           234
  2131           226
  2132           232
  2133           242
  2134           310
  2135           280
  2136           289
  2137           312
  2138           307
  2139           332
  2140           372
  2141           398
  2142           431
  2143           464
  2144           421
  2145           443
  2146           436
  2147           464
  2148           524
  2149           530
  2150           517
  2151           561
  2152           539
  2153           562
  2154           542
  2155           544
  2156           584
  2157           608
  2158           560
  2159           561
  2160           575
  2161           572
  2162           579
  2163           588
  2164           522
  2165           638
  2166           506
  2167           535
  2168           508
  2169           563
  2170           498
  2171           459
  2172           480
  2173           454
  2174           427
  2175           410
  2176           393
  2177           345
  2178           370
  2179           328
  2180           285
  2181           267
  2182           255
  2183           240
  2184           216
  2185           196
  2186           188
  2187           168
  2188           167
  2189           119
  2190           117
  2191            99
  2192           101
  2193           100
  2194            85
  2195            86
  2196            65
  2197            69
  2198            67
  2199            50
  2200            43
  2201            41
  2202            23
  2203            32
  2204            43
  2205            22
  2206            20
  2207            23
  2208            22
  2209            13
  2210            16
  2211            19
  2212            14
  2213            15
  2214            16
  2215            19
  2216            12
  2217            11
  2218            10
  2219             9
  2220            14
  2221            12
  2222             7
  2223            11
  2224            11
  2225             8
  2226            11
  2227            21
  2228            15
  2229            15
  2230            10
  2231             9
  2232            15
  2233            14
  2234            10
  2235            10
  2236            13
  2237            15
  2238            12
  2239            15
  2240            12
  2241            18
  2242            13
  2243            18
  2244            19
  2245            19
  2246             8
  2247            11
  2248            16
  2249            14
  2250            18
  2251            18
  2252            26
  2253            14
  2254            20
  2255            19
  2256            21
  2257            20
  2258            24
  2259            22
  2260            17
  2261            32
  2262            29
  2263            38
  2264            28
  2265            29
  2266            38
  2267            35
  2268            43
  2269            34
  2270            38
  2271            63
  2272            41
  2273            43
  2274            55
  2275            57
  2276            54
  2277            74
  2278            61
  2279            77
  2280            90
  2281            77
  2282            67
  2283            90
  2284           108
  2285           102
  2286           112
  2287           108
  2288           123
  2289           138
  2290           172
  2291           169
  2292           171
  2293           181
  2294           194
  2295           211
  2296           216
  2297           230
  2298           244
  2299           289
  2300           291
  2301           282
  2302           303
  2303           305
  2304           302
  2305           330
  2306           362
  2307           376
  2308           420
  2309           426
  2310           410
  2311           522
  2312           460
  2313           494
  2314           512
  2315           513
  2316           523
  2317           593
  2318           552
  2319           573
  2320           563
  2321           600
  2322           580
  2323           632
  2324           592
  2325           635
  2326           585
  2327           562
  2328           622
  2329           614
  2330           584
  2331           590
  2332           579
  2333           544
  2334           549
  2335           517
  2336           503
  2337           525
  2338           485
  2339           465
  2340           466
  2341           406
  2342           395
  2343           414
  2344           371
  2345           341
  2346           349
  2347           292
  2348           297
  2349           286
  2350           238
  2351           236
  2352           181
  2353           197
  2354           144
  2355           175
  2356           145
  2357           138
  2358           106
  2359           126
  2360            96
  2361            80
  2362            97
  2363            67
  2364            61
  2365            56
  2366            42
  2367            55
  2368            56
  2369            43
  2370            33
  2371            46
  2372            35
  2373            32
  2374            37
  2375            47
  2376            31
  2377            35
  2378            40
  2379            28
  2380            37
  2381            42
  2382            47
  2383            46
  2384            38
  2385            43
  2386            42
  2387            41
  2388            46
  2389            37
  2390            51
  2391            38
  2392            39
  2393            40
  2394            53
  2395            42
  2396            39
  2397            49
  2398            52
  2399            53
  2400            48
  2401            45
  2402            53
  2403            62
  2404            74
  2405            49
  2406            49
  2407            58
  2408            49
  2409            51
  2410            65
  2411            55
  2412            54
  2413            63
  2414            65
  2415            66
  2416            72
  2417            55
  2418            74
  2419            71
  2420            61
  2421            74
  2422            60
  2423            73
  2424            63
  2425            63
  2426            72
  2427            63
  2428            65
  2429            62
  2430            84
  2431            63
  2432            87
  2433            70
  2434            95
  2435            88
  2436            87
  2437            88
  2438            79
  2439            88
  2440            99
  2441           120
  2442           103
  2443           117
  2444           123
  2445           146
  2446           159
  2447           156
  2448           183
  2449           166
  2450           196
  2451           215
  2452           205
  2453           238
  2454           260
  2455           282
  2456           296
  2457           303
  2458           292
  2459           335
  2460           390
  2461           369
  2462           385
  2463           463
  2464           483
  2465           501
  2466           523
  2467           541
  2468           610
  2469           606
  2470           619
  2471           707
  2472           678
  2473           684
  2474           702
  2475           797
  2476           819
  2477           821
  2478           930
  2479           909
  2480           917
  2481           951
  2482           998
  2483           991
  2484           982
  2485          1088
  2486          1219
  2487          1099
  2488          1130
  2489          1141
  2490          1095
  2491          1094
  2492          1218
  2493          1212
  2494          1181
  2495          1145
  2496          1163
  2497          1204
  2498          1146
  2499          1208
  2500          1157
  2501          1100
  2502          1117
  2503          1152
  2504          1044
  2505          1005
  2506           956
  2507           945
  2508           962
  2509           860
  2510           801
  2511           835
  2512           790
  2513           708
  2514           665
  2515           614
  2516           579
  2517           574
  2518           506
  2519           483
  2520           451
  2521           399
  2522           372
  2523           339
  2524           329
  2525           284
  2526           271
  2527           245
  2528           206
  2529           179
  2530           157
  2531           117
  2532           120
  2533           110
  2534           103
  2535            68
  2536            62
  2537            53
  2538            48
  2539            54
  2540            35
  2541            49
  2542            22
  2543            19
  2544            20
  2545            18
  2546            17
  2547            16
  2548            13
  2549            14
  2550             8
  2551             7
  2552             6
  2553             8
  2554             5
  2555             6
  2556             9
  2557             8
  2558            10
  2559            19
  2560            13
  2561            13
  2562             9
  2563            11
  2564             9
  2565             7
  2566            10
  2567            17
  2568            13
  2569            20
  2570            20
  2571            23
  2572            22
  2573            19
  2574            18
  2575            27
  2576            23
  2577            22
  2578            25
  2579            22
  2580            23
  2581            23
  2582            22
  2583            31
  2584            27
  2585            29
  2586            26
  2587            25
  2588            35
  2589            39
  2590            32
  2591            40
  2592            36
  2593            31
  2594            31
  2595            36
  2596            27
  2597            33
  2598            36
  2599            30
  2600            24
  2601            26
  2602            28
  2603            20
  2604            30
  2605            34
  2606            17
  2607            23
  2608            26
  2609             6
  2610            21
  2611            16
  2612            12
  2613            17
  2614            14
  2615             7
  2616            17
  2617             4
  2618            10
  2619            11
  2620             8
  2621             8
  2622             8
  2623             4
  2624             8
  2625             4
  2626             3
  2627             3
  2628             3
  2629             5
  2630             3
  2631             1
  2632             2
  2633             5
  2634             4
  2635             2
  2636             4
  2637             5
  2638             3
  2639             4
  2640             1
  2641             4
  2642             2
  2643             3
  2644             5
  2645             2
  2646             1
  2647             3
  2648             1
  2649             4
  2650             5
  2651             0
  2652             1
  2653             2
  2654             3
  2655             2
  2656             2
  2657             3
  2658             3
  2659             1
  2660             5
  2661             1
  2662             4
  2663             0
  2664             4
  2665             2
  2666             1
  2667             1
  2668             4
  2669             3
  2670             3
  2671             0
  2672             1
  2673             0
  2674             0
  2675             4
  2676             2
  2677             1
  2678             2
  2679             1
  2680             1
  2681             3
  2682             0
  2683             2
  2684             1
  2685             0
  2686             1
  2687             2
  2688             0
  2689             1
  2690             1
  2691             1
  2692             0
  2693             1
  2694             2
  2695             0
  2696             1
  2697             1
  2698             0
  2699             0
  2700             0
  2701             0
  2702             0
  2703             0
  2704             2
  2705             0
  2706             0
  2707             1
  2708             1
  2709             0
  2710             3
  2711             0
  2712             1
  2713             0
  2714             0
  2715             1
  2716             0
  2717             0
  2718             0
  2719             0
  2720             0
  2721             1
  2722             2
  2723             1
  2724             1
  2725             1
  2726             0
  2727             1
  2728             1
  2729             0
  2730             0
  2731             0
  2732             1
  2733             1
  2734             5
  2735             3
  2736             2
  2737             2
  2738             1
  2739             9
  2740             3
  2741             3
  2742             3
  2743             3
  2744             7
  2745             3
  2746             3
  2747             6
  2748             3
  2749             2
  2750             3
  2751             4
  2752             2
  2753             9
  2754             9
  2755             5
  2756             7
  2757             7
  2758             9
  2759            10
  2760             6
  2761            10
  2762            11
  2763             6
  2764             5
  2765             9
  2766            12
  2767             7
  2768             8
  2769            10
  2770             7
  2771             9
  2772             5
  2773             7
  2774            11
  2775            10
  2776            12
  2777             9
  2778            10
  2779             8
  2780            12
  2781            12
  2782             9
  2783             8
  2784            13
  2785             7
  2786             3
  2787            13
  2788             6
  2789             9
  2790             8
  2791             6
  2792             8
  2793             6
  2794             9
  2795             9
  2796             6
  2797             4
  2798             5
  2799             3
  2800             8
  2801             7
  2802             3
  2803             4
  2804             2
  2805             4
  2806             3
  2807             3
  2808             3
  2809             2
  2810             0
  2811             4
  2812             2
  2813             3
  2814             4
  2815             2
  2816             2
  2817             3
  2818             2
  2819             2
  2820             1
  2821             0
  2822             2
  2823             2
  2824             0
  2825             1
  2826             6
  2827             2
  2828             3
  2829             3
  2830             3
  2831             0
  2832             2
  2833             3
  2834             0
  2835             3
  2836             4
  2837             2
  2838             2
  2839             2
  2840             0
  2841             3
  2842             3
  2843             2
  2844             8
  2845             1
  2846             4
  2847             3
  2848             9
  2849             8
  2850             7
  2851            10
  2852             8
  2853             6
  2854            13
  2855             9
  2856             8
  2857            12
  2858            15
  2859            17
  2860            15
  2861            20
  2862            18
  2863             7
  2864            17
  2865            20
  2866            15
  2867            16
  2868            18
  2869            19
  2870            22
  2871            29
  2872            31
  2873            23
  2874            25
  2875            17
  2876            41
  2877            29
  2878            36
  2879            36
  2880            39
  2881            31
  2882            27
  2883            17
  2884            23
  2885            33
  2886            36
  2887            35
  2888            36
  2889            43
  2890            46
  2891            29
  2892            40
  2893            29
  2894            39
  2895            35
  2896            30
  2897            23
  2898            24
  2899            25
  2900            29
  2901            21
  2902            19
  2903            25
  2904            19
  2905            18
  2906            11
  2907            15
  2908            14
  2909            14
  2910            12
  2911            11
  2912            11
  2913             9
  2914            11
  2915             6
  2916             1
  2917             4
  2918            10
  2919             7
  2920             6
  2921             6
  2922             1
  2923             3
  2924             3
  2925             1
  2926             3
  2927             3
  2928             2
  2929             5
  2930             0
  2931             1
  2932             4
  2933             4
  2934             0
  2935             1
  2936             0
  2937             0
  2938             0
  2939             1
  2940             1
  2941             1
  2942             0
  2943             1
  2944             0
  2945             0
  2946             0
  2947             0
  2948             0
  2949             0
  2950             0
  2951             0
  2952             1
  2953             0
  2954             0
  2955             0
  2956             2
  2957             1
  2958             0
  2959             2
  2960             0
  2961             0
  2962             1
  2963             0
  2964             0
  2965             1
  2966             0
  2967             0
  2968             0
  2969             0
  2970             0
  2971             0
  2972             0
  2973             1
  2974             1
  2975             0
  2976             0
  2977             0
  2978             1
  2979             0
  2980             0
  2981             0
  2982             0
  2983             1
  2984             1
  2985             0
  2986             0
  2987             0
  2988             0
  2989             0
  2990             0
  2991             0
  2992             0
  2993             0
  2994             0
  2995             0
  2996             3
  2997             0
  2998             0
  2999             1
  3000             1
  3001             1
  3002             0
  3003             0
  3004             0
  3005             1
  3006             0
  3007             1
  3008             1
  3009             1
  3010             2
  3011             0
  3012             0
  3013             1
  3014             0
  3015             2
  3016             0
  3017             0
  3018             2
  3019             0
  3020             0
  3021             0
  3022             0
  3023             0
  3024             1
  3025             1
  3026             2
  3027             1
  3028             1
  3029             0
  3030             1
  3031             0
  3032             1
  3033             1
  3034             1
  3035             0
  3036             0
  3037             0
  3038             0
  3039             1
  3040             1
  3041             1
  3042             0
  3043             1
  3044             0
  3045             0
  3046             0
  3047             1
  3048             2
  3049             3
  3050             2
  3051             0
  3052             1
  3053             0
  3054             0
  3055             1
  3056             1
  3057             3
  3058             1
  3059             4
  3060             2
  3061             0
  3062             1
  3063             2
  3064             2
  3065             7
  3066             1
  3067             1
  3068             1
  3069             2
  3070             4
  3071             1
  3072             4
  3073             0
  3074             6
  3075             4
  3076             2
  3077             3
  3078             3
  3079             5
  3080             2
  3081            11
  3082             6
  3083             7
  3084             6
  3085             8
  3086             8
  3087             7
  3088            10
  3089             3
  3090            10
  3091            14
  3092             5
  3093            13
  3094            11
  3095            13
  3096             9
  3097            21
  3098            14
  3099            19
  3100            18
  3101            17
  3102            19
  3103            24
  3104            26
  3105            30
  3106            21
  3107            36
  3108            32
  3109            28
  3110            34
  3111            20
  3112            33
  3113            28
  3114            36
  3115            26
  3116            45
  3117            40
  3118            34
  3119            36
  3120            34
  3121            24
  3122            35
  3123            26
  3124            24
  3125            26
  3126            22
  3127            26
  3128            23
  3129            24
  3130            27
  3131            31
  3132            23
  3133            21
  3134            17
  3135            24
  3136            23
  3137            17
  3138            20
  3139            10
  3140            14
  3141            14
  3142             5
  3143            11
  3144             9
  3145             5
  3146            14
  3147             5
  3148             6
  3149             6
  3150             9
  3151             4
  3152             6
  3153             2
  3154             1
  3155             2
  3156             6
  3157             5
  3158             1
  3159             3
  3160             1
  3161             3
  3162             1
  3163             1
  3164             1
  3165             1
  3166             0
  3167             1
  3168             0
  3169             1
  3170             1
  3171             1
  3172             0
  3173             2
  3174             0
  3175             1
  3176             1
  3177             1
  3178             0
  3179             1
  3180             1
  3181             1
  3182             0
  3183             1
  3184             2
  3185             2
  3186             1
  3187             1
  3188             0
  3189             0
  3190             2
  3191             0
  3192             0
  3193             1
  3194             1
  3195             0
  3196             0
  3197             0
  3198             1
  3199             0
  3200             0
  3201             0
  3202             2
  3203             0
  3204             1
  3205             0
  3206             0
  3207             0
  3208             0
  3209             0
  3210             1
  3211             0
  3212             1
  3213             0
  3214             0
  3215             0
  3216             0
  3217             0
  3218             0
  3219             0
  3220             1
  3221             0
  3222             0
  3223             0
  3224             0
  3225             0
  3226             0
  3227             2
  3228             0
  3229             3
  3230             1
  3231             1
  3232             1
  3233             2
  3234             4
  3235             2
  3236             2
  3237             3
  3238             6
  3239             4
  3240             2
  3241             2
  3242             1
  3243             0
  3244             2
  3245             1
  3246             4
  3247             5
  3248             7
  3249             3
  3250             3
  3251             4
  3252             5
  3253             2
  3254             2
  3255             3
  3256             5
  3257             2
  3258             5
  3259             3
  3260             2
  3261             3
  3262             8
  3263             5
  3264             1
  3265             3
  3266             3
  3267             1
  3268             1
  3269             0
  3270             4
  3271             0
  3272             5
  3273             5
  3274             2
  3275             0
  3276             4
  3277             2
  3278             0
  3279             2
  3280             1
  3281             2
  3282             2
  3283             1
  3284             0
  3285             0
  3286             1
  3287             3
  3288             1
  3289             2
  3290             1
  3291             1
  3292             0
  3293             0
  3294             0
  3295             0
  3296             0
  3297             0
  3298             1
  3299             0
  3300             0
  3301             0
  3302             0
  3303             0
  3304             0
  3305             0
  3306             0
  3307             0
  3308             1
  3309             0
  3310             0
  3311             0
  3312             0
  3313             1
  3314             0
  3315             0
  3316             0
  3317             1
  3318             0
  3319             0
  3320             1
  3321             0
  3322             0
  3323             0
  3324             0
  3325             0
  3326             0
  3327             0
  3328             0
  3329             0
  3330             0
  3331             0
  3332             0
  3333             0
  3334             0
  3335             0
  3336             0
  3337             0
  3338             0
  3339             0
  3340             0
  3341             0
  3342             1
  3343             0
  3344             0
  3345             0
  3346             0
  3347             0
  3348             0
  3349             0
  3350             0
  3351             0
  3352             0
  3353             0
  3354             0
  3355             2
  3356             0
  3357             1
  3358             0
  3359             1
  3360             0
  3361             0
  3362             0
  3363             0
  3364             0
  3365             0
  3366             0
  3367             0
  3368             1
  3369             0
  3370             2
  3371             0
  3372             0
  3373             0
  3374             1
  3375             0
  3376             0
  3377             0
  3378             0
  3379             0
  3380             0
  3381             0
  3382             0
  3383             1
  3384             0
  3385             0
  3386             0
  3387             0
  3388             0
  3389             0
  3390             0
  3391             0
  3392             0
  3393             0
  3394             0
  3395             0
  3396             0
  3397             0
  3398             0
  3399             0
  3400             0
  3401             0
  3402             1
  3403             1
  3404             0
  3405             0
  3406             0
  3407             0
  3408             0
  3409             0
  3410             0
  3411             0
  3412             0
  3413             1
  3414             1
  3415             0
  3416             1
  3417             0
  3418             1
  3419             0
  3420             0
  3421             2
  3422             0
  3423             1
  3424             0
  3425             0
  3426             0
  3427             0
  3428             1
  3429             0
  3430             0
  3431             0
  3432             0
  3433             1
  3434             0
  3435             0
  3436             0
  3437             0
  3438             1
  3439             0
  3440             0
  3441             0
  3442             0
  3443             0
  3444             0
  3445             0
  3446             0
  3447             0
  3448             0
  3449             1
  3450             0
  3451             2
  3452             2
  3453             0
  3454             0
  3455             0
  3456             0
  3457             1
  3458             0
  3459             0
  3460             0
  3461             0
  3462             0
  3463             0
  3464             0
  3465             0
  3466             0
  3467             0
  3468             1
  3469             3
  3470             0
  3471             0
  3472             1
  3473             0
  3474             0
  3475             0
  3476             0
  3477             0
  3478             1
  3479             0
  3480             1
  3481             0
  3482             1
  3483             0
  3484             1
  3485             0
  3486             0
  3487             0
  3488             0
  3489             1
  3490             0
  3491             1
  3492             1
  3493             0
  3494             1
  3495             0
  3496             0
  3497             1
  3498             0
  3499             1
  3500             0
  3501             0
  3502             0
  3503             1
  3504             1
  3505             0
  3506             1
  3507             0
  3508             0
  3509             0
  3510             0
  3511             0
  3512             0
  3513             1
  3514             0
  3515             1
  3516             0
  3517             0
  3518             0
  3519             0
  3520             1
  3521             1
  3522             0
  3523             0
  3524             0
  3525             1
  3526             1
  3527             0
  3528             0
  3529             1
  3530             0
  3531             0
  3532             0
  3533             0
  3534             0
  3535             0
  3536             0
  3537             0
  3538             2
  3539             0
  3540             0
  3541             1
  3542             0
  3543             0
  3544             2
  3545             1
  3546             0
  3547             2
  3548             0
  3549             0
  3550             0
  3551             0
  3552             1
  3553             1
  3554             0
  3555             0
  3556             0
  3557             2
  3558             1
  3559             0
  3560             0
  3561             0
  3562             0
  3563             1
  3564             0
  3565             1
  3566             0
  3567             0
  3568             0
  3569             0
  3570             0
  3571             0
  3572             0
  3573             0
  3574             0
  3575             0
  3576             1
  3577             0
  3578             0
  3579             1
  3580             1
  3581             0
  3582             2
  3583             1
  3584             0
  3585             0
  3586             0
  3587             1
  3588             0
  3589             0
  3590             1
  3591             0
  3592             1
  3593             0
  3594             1
  3595             1
  3596             0
  3597             0
  3598             1
  3599             1
  3600             0
  3601             1
  3602             0
  3603             0
  3604             0
  3605             0
  3606             0
  3607             0
  3608             0
  3609             1
  3610             0
  3611             1
  3612             0
  3613             1
  3614             0
  3615             0
  3616             0
  3617             0
  3618             0
  3619             1
  3620             0
  3621             1
  3622             0
  3623             1
  3624             1
  3625             0
  3626             1
  3627             0
  3628             0
  3629             0
  3630             0
  3631             0
  3632             0
  3633             0
  3634             0
  3635             0
  3636             0
  3637             0
  3638             0
  3639             0
  3640             0
  3641             0
  3642             0
  3643             0
  3644             0
  3645             0
  3646             0
  3647             0
  3648             0
  3649             0
  3650             0
  3651             0
  3652             0
  3653             1
  3654             0
  3655             1
  3656             0
  3657             0
  3658             0
  3659             1
  3660             0
  3661             0
  3662             0
  3663             0
  3664             0
  3665             0
  3666             0
  3667             0
  3668             2
  3669             0
  3670             0
  3671             0
  3672             0
  3673             0
  3674             0
  3675             0
  3676             0
  3677             0
  3678             0
  3679             0
  3680             0
  3681             0
  3682             0
  3683             0
  3684             0
  3685             1
  3686             0
  3687             0
  3688             0
  3689             0
  3690             0
  3691             0
  3692             0
  3693             0
  3694             0
  3695             0
  3696             0
  3697             0
  3698             1
  3699             0
  3700             1
  3701             0
  3702             0
  3703             0
  3704             0
  3705             0
  3706             1
  3707             0
  3708             0
  3709             0
  3710             1
  3711             0
  3712             0
  3713             0
  3714             0
  3715             0
  3716             0
  3717             1
  3718             0
  3719             0
  3720             0
  3721             0
  3722             0
  3723             0
  3724             0
  3725             0
  3726             0
  3727             0
  3728             1
  3729             0
  3730             0
  3731             0
  3732             0
  3733             0
  3734             0
  3735             0
  3736             0
  3737             0
  3738             1
  3739             0
  3740             0
  3741             0
  3742             0
  3743             0
  3744             0
  3745             0
  3746             0
  3747             0
  3748             0
  3749             0
  3750             0
  3751             0
  3752             0
  3753             0
  3754             0
  3755             0
  3756             0
  3757             0
  3758             0
  3759             0
  3760             0
  3761             0
  3762             0
  3763             0
  3764             1
  3765             0
  3766             0
  3767             0
  3768             0
  3769             0
  3770             0
  3771             0
  3772             0
  3773             1
  3774             1
  3775             0
  3776             0
  3777             0
  3778             0
  3779             1
  3780             0
  3781             0
  3782             0
  3783             1
  3784             0
  3785             0
  3786             1
  3787             1
  3788             0
  3789             0
  3790             0
  3791             0
  3792             0
  3793             0
  3794             0
  3795             0
  3796             0
  3797             0
  3798             0
  3799             0
  3800             0
  3801             0
  3802             0
  3803             1
  3804             1
  3805             0
  3806             0
  3807             1
  3808             0
  3809             1
  3810             1
  3811             0
  3812             0
  3813             0
  3814             1
  3815             0
  3816             0
  3817             0
  3818             0
  3819             0
  3820             0
  3821             1
  3822             1
  3823             0
  3824             1
  3825             0
  3826             1
  3827             0
  3828             0
  3829             0
  3830             0
  3831             0
  3832             0
  3833             1
  3834             0
  3835             0
  3836             0
  3837             1
  3838             1
  3839             0
  3840             0
  3841             1
  3842             1
  3843             0
  3844             2
  3845             2
  3846             1
  3847             1
  3848             0
  3849             1
  3850             0
  3851             1
  3852             2
  3853             4
  3854             1
  3855             2
  3856             2
  3857             3
  3858             3
  3859             2
  3860             2
  3861             1
  3862             5
  3863             1
  3864             3
  3865             5
  3866             3
  3867             3
  3868             4
  3869             1
  3870             3
  3871             0
  3872             2
  3873             3
  3874             3
  3875             3
  3876             1
  3877             3
  3878             2
  3879             4
  3880             4
  3881             0
  3882             2
  3883             2
  3884             1
  3885             3
  3886             1
  3887             1
  3888             2
  3889             2
  3890             3
  3891             3
  3892             5
  3893             1
  3894             3
  3895             2
  3896             2
  3897             2
  3898             1
  3899             0
  3900             0
  3901             1
  3902             0
  3903             1
  3904             1
  3905             0
  3906             1
  3907             1
  3908             1
  3909             0
  3910             1
  3911             0
  3912             3
  3913             1
  3914             0
  3915             1
  3916             0
  3917             1
  3918             1
  3919             1
  3920             0
  3921             0
  3922             0
  3923             0
  3924             0
  3925             0
  3926             1
  3927             0
  3928             0
  3929             1
  3930             2
  3931             0
  3932             0
  3933             0
  3934             0
  3935             0
  3936             0
  3937             0
  3938             1
  3939             1
  3940             0
  3941             0
  3942             0
  3943             0
  3944             1
  3945             0
  3946             1
  3947             1
  3948             2
  3949             0
  3950             0
  3951             0
  3952             0
  3953             0
  3954             0
  3955             1
  3956             0
  3957             0
  3958             0
  3959             1
  3960             1
  3961             0
  3962             0
  3963             1
  3964             0
  3965             0
  3966             0
  3967             0
  3968             1
  3969             1
  3970             1
  3971             0
  3972             0
  3973             0
  3974             0
  3975             0
  3976             1
  3977             0
  3978             0
  3979             1
  3980             2
  3981             0
  3982             0
  3983             1
  3984             0
  3985             1
  3986             0
  3987             3
  3988             0
  3989             0
  3990             1
  3991             0
  3992             3
  3993             3
  3994             0
  3995             0
  3996             0
  3997             1
  3998             2
  3999             0
  4000             1
  4001             2
  4002             1
  4003             0
  4004             2
  4005             0
  4006             0
  4007             0
  4008             2
  4009             1
  4010             1
  4011             0
  4012             0
  4013             1
  4014             0
  4015             2
  4016             0
  4017             1
  4018             5
  4019             1
  4020             3
  4021             2
  4022             1
  4023             1
  4024             2
  4025             2
  4026             1
  4027             2
  4028             5
  4029             6
  4030             2
  4031             2
  4032             2
  4033             4
  4034            11
  4035             4
  4036             2
  4037             5
  4038             5
  4039             9
  4040             6
  4041             8
  4042             8
  4043             8
  4044            12
  4045            10
  4046            14
  4047            12
  4048            15
  4049            18
  4050            15
  4051            16
  4052            13
  4053            18
  4054            21
  4055            13
  4056            15
  4057            20
  4058            14
  4059            25
  4060            17
  4061            14
  4062            14
  4063            17
  4064            21
  4065            16
  4066            25
  4067            17
  4068            23
  4069            14
  4070            15
  4071            14
  4072            18
  4073            14
  4074            16
  4075            11
  4076            15
  4077            11
  4078            12
  4079             8
  4080            11
  4081            12
  4082             7
  4083            10
  4084            15
  4085            13
  4086             8
  4087             3
  4088             5
  4089             5
  4090             7
  4091             7
  4092             4
  4093             5
  4094             6
  4095             4
