     0             0
     1             0
     2             0
     3             0
     4             0
     5             0
     6             0
     7             0
     8             0
     9             0
    10             0
    11             0
    12             0
    13             0
    14             0
    15             0
    16             0
    17             0
    18             0
    19             0
    20             0
    21             0
    22             0
    23             0
    24             0
    25             0
    26             0
    27             0
    28             0
    29             0
    30             0
    31             0
    32             0
    33             0
    34             0
    35             0
    36             0
    37             0
    38             0
    39             0
    40             0
    41             0
    42             0
    43             0
    44             0
    45             1
    46             1
    47             1
    48             7
    49             6
    50             0
    51             0
    52             0
    53             0
    54             0
    55             0
    56             0
    57             0
    58             0
    59             0
    60             0
    61             0
    62             0
    63             0
    64             0
    65             0
    66             0
    67             0
    68             0
    69             0
    70             0
    71             0
    72             0
    73             0
    74             0
    75             0
    76             0
    77             0
    78             0
    79             0
    80             0
    81             0
    82             0
    83             0
    84             0
    85             0
    86             0
    87             0
    88             0
    89             0
    90             0
    91             0
    92             0
    93             0
    94             0
    95             0
    96             0
    97             0
    98             0
    99             0
   100             0
   101             0
   102             0
   103             0
   104             0
   105             0
   106             0
   107             0
   108             0
   109             0
   110             0
   111             0
   112             0
   113             0
   114             0
   115             0
   116             0
   117             0
   118             0
   119             0
   120             0
   121             0
   122             0
   123             0
   124             0
   125             0
   126             0
   127             0
   128             0
   129             0
   130             0
   131             0
   132             0
   133             0
   134             0
   135             0
   136             0
   137             0
   138             0
   139             0
   140             0
   141             0
   142             0
   143             0
   144             0
   145             0
   146             0
   147             0
   148             0
   149             0
   150             0
   151             0
   152             0
   153             0
   154             0
   155             0
   156             0
   157             0
   158             0
   159             1
   160             2
   161             3
   162             1
   163             8
   164             4
   165             4
   166             5
   167             3
   168             4
   169             6
   170             5
   171             4
   172             2
   173             4
   174             1
   175             1
   176             2
   177             7
   178             5
   179             4
   180             1
   181             3
   182             3
   183             2
   184             1
   185             3
   186             1
   187             2
   188             2
   189             2
   190             0
   191             4
   192             1
   193             2
   194             3
   195             4
   196             3
   197             1
   198             1
   199             2
   200             1
   201             1
   202             2
   203             1
   204             2
   205             3
   206             2
   207             1
   208             0
   209             0
   210             1
   211             1
   212             2
   213             1
   214             1
   215             3
   216             2
   217             1
   218             2
   219             2
   220             2
   221             2
   222             0
   223             3
   224             0
   225             0
   226             1
   227             1
   228             2
   229             1
   230             2
   231             2
   232             0
   233             1
   234             1
   235             1
   236             1
   237             0
   238             0
   239             3
   240             1
   241             1
   242             2
   243             0
   244             0
   245             1
   246             1
   247             1
   248             2
   249             2
   250             2
   251             0
   252             2
   253             1
   254             0
   255             1
   256             1
   257             3
   258             3
   259             0
   260             2
   261             0
   262             1
   263             0
   264             0
   265             2
   266             2
   267             0
   268             0
   269             2
   270             0
   271             1
   272             1
   273             1
   274             0
   275             2
   276             2
   277             1
   278             1
   279             1
   280             1
   281             0
   282             0
   283             1
   284             0
   285             0
   286             0
   287             0
   288             1
   289             1
   290             2
   291             1
   292             1
   293             3
   294             2
   295             1
   296             3
   297             0
   298             0
   299             1
   300             1
   301             0
   302             1
   303             0
   304             2
   305             1
   306             0
   307             0
   308             1
   309             3
   310             0
   311             1
   312             1
   313             1
   314             1
   315             0
   316             1
   317             0
   318             1
   319             0
   320             1
   321             1
   322             0
   323             0
   324             2
   325             3
   326             1
   327             1
   328             0
   329             1
   330             2
   331             0
   332             2
   333             1
   334             0
   335             0
   336             1
   337             1
   338             1
   339             3
   340             0
   341             0
   342             0
   343             1
   344             1
   345             0
   346             3
   347             1
   348             1
   349             0
   350             1
   351             2
   352             3
   353             1
   354             1
   355             1
   356             1
   357             0
   358             2
   359             0
   360             1
   361             1
   362             1
   363             0
   364             1
   365             2
   366             2
   367             0
   368             1
   369             1
   370             3
   371             2
   372             1
   373             0
   374             1
   375             1
   376             3
   377             2
   378             1
   379             1
   380             0
   381             0
   382             0
   383             1
   384             0
   385             2
   386             1
   387             1
   388             1
   389             0
   390             1
   391             1
   392             0
   393             0
   394             0
   395             0
   396             2
   397             1
   398             3
   399             0
   400             0
   401             1
   402             1
   403             0
   404             0
   405             3
   406             2
   407             0
   408             1
   409             1
   410             0
   411             1
   412             0
   413             1
   414             0
   415             0
   416             2
   417             1
   418             0
   419             3
   420             1
   421             1
   422             0
   423             1
   424             3
   425             3
   426             0
   427             1
   428             3
   429             2
   430             0
   431             0
   432             0
   433             4
   434             1
   435             1
   436             0
   437             4
   438             1
   439             0
   440             2
   441             3
   442             2
   443             2
   444             0
   445             0
   446             0
   447             0
   448             0
   449             2
   450             0
   451             1
   452             0
   453             1
   454             1
   455             0
   456             1
   457             0
   458             2
   459             0
   460             1
   461             0
   462             0
   463             0
   464             1
   465             1
   466             0
   467             0
   468             0
   469             0
   470             1
   471             0
   472             0
   473             0
   474             0
   475             0
   476             1
   477             1
   478             0
   479             2
   480             2
   481             1
   482             2
   483             2
   484             2
   485             1
   486             2
   487             0
   488             1
   489             0
   490             2
   491             1
   492             1
   493             0
   494             0
   495             2
   496             1
   497             0
   498             0
   499             1
   500             0
   501             3
   502             0
   503             2
   504             0
   505             0
   506             2
   507             0
   508             1
   509             2
   510             0
   511             2
   512             1
   513             1
   514             1
   515             4
   516             2
   517             1
   518             0
   519             1
   520             1
   521             1
   522             3
   523             2
   524             0
   525             3
   526             1
   527             1
   528             2
   529             2
   530             3
   531             2
   532             0
   533             2
   534             1
   535             2
   536             0
   537             0
   538             1
   539             1
   540             2
   541             0
   542             1
   543             2
   544             1
   545             2
   546             0
   547             0
   548             1
   549             1
   550             0
   551             0
   552             0
   553             1
   554             2
   555             0
   556             0
   557             1
   558             2
   559             1
   560             1
   561             2
   562             1
   563             2
   564             3
   565             2
   566             1
   567             0
   568             1
   569             0
   570             1
   571             1
   572             1
   573             1
   574             0
   575             0
   576             0
   577             2
   578             3
   579             0
   580             1
   581             0
   582             1
   583             2
   584             1
   585             2
   586             2
   587             0
   588             0
   589             0
   590             3
   591             1
   592             1
   593             0
   594             3
   595             1
   596             2
   597             0
   598             1
   599             2
   600             1
   601             1
   602             2
   603             1
   604             2
   605             1
   606             2
   607             0
   608             1
   609             0
   610             3
   611             0
   612             1
   613             0
   614             0
   615             2
   616             2
   617             2
   618             0
   619             0
   620             1
   621             1
   622             1
   623             2
   624             3
   625             2
   626             0
   627             0
   628             0
   629             1
   630             1
   631             0
   632             0
   633             1
   634             2
   635             2
   636             2
   637             1
   638             0
   639             0
   640             0
   641             1
   642             2
   643             1
   644             2
   645             1
   646             2
   647             1
   648             0
   649             1
   650             0
   651             1
   652             1
   653             1
   654             1
   655             1
   656             0
   657             1
   658             1
   659             1
   660             1
   661             1
   662             0
   663             0
   664             0
   665             0
   666             1
   667             1
   668             2
   669             0
   670             1
   671             1
   672             0
   673             0
   674             2
   675             0
   676             1
   677             1
   678             1
   679             0
   680             0
   681             0
   682             1
   683             3
   684             0
   685             0
   686             0
   687             2
   688             1
   689             2
   690             0
   691             3
   692             1
   693             3
   694             2
   695             0
   696             1
   697             1
   698             0
   699             1
   700             1
   701             2
   702             1
   703             1
   704             1
   705             2
   706             2
   707             2
   708             2
   709             1
   710             2
   711             4
   712             4
   713             2
   714             0
   715             2
   716             1
   717             2
   718             1
   719             0
   720             1
   721             2
   722             3
   723             2
   724             0
   725             0
   726             3
   727             0
   728             0
   729             0
   730             1
   731             1
   732             0
   733             1
   734             1
   735             1
   736             2
   737             2
   738             1
   739             1
   740             0
   741             2
   742             1
   743             0
   744             1
   745             0
   746             2
   747             1
   748             0
   749             1
   750             0
   751             1
   752             1
   753             0
   754             2
   755             1
   756             1
   757             0
   758             1
   759             3
   760             2
   761             1
   762             1
   763             1
   764             5
   765             0
   766             1
   767             0
   768             1
   769             0
   770             0
   771             0
   772             2
   773             1
   774             3
   775             1
   776             1
   777             1
   778             5
   779             1
   780             2
   781             0
   782             2
   783             2
   784             2
   785             1
   786             2
   787             1
   788             1
   789             2
   790             0
   791             2
   792             1
   793             1
   794             1
   795             2
   796             1
   797             3
   798             1
   799             1
   800             0
   801             0
   802             1
   803             0
   804             3
   805             1
   806             2
   807             1
   808             3
   809             1
   810             0
   811             3
   812             1
   813             0
   814             0
   815             1
   816             1
   817             0
   818             1
   819             0
   820             1
   821             3
   822             0
   823             1
   824             2
   825             0
   826             1
   827             1
   828             0
   829             3
   830             0
   831             1
   832             0
   833             1
   834             1
   835             0
   836             2
   837             0
   838             3
   839             4
   840             1
   841             1
   842             1
   843             0
   844             1
   845             2
   846             1
   847             2
   848             0
   849             0
   850             1
   851             2
   852             1
   853             0
   854             0
   855             0
   856             1
   857             2
   858             2
   859             1
   860             3
   861             0
   862             1
   863             4
   864             2
   865             0
   866             2
   867             0
   868             0
   869             3
   870             1
   871             3
   872             3
   873             1
   874             1
   875             2
   876             1
   877             2
   878             4
   879             0
   880             0
   881             2
   882             2
   883             0
   884             0
   885             2
   886             0
   887             1
   888             0
   889             0
   890             2
   891             3
   892             3
   893             0
   894             0
   895             2
   896             2
   897             0
   898             2
   899             0
   900             3
   901             1
   902             0
   903             2
   904             0
   905             0
   906             0
   907             1
   908             0
   909             4
   910             2
   911             0
   912             1
   913             1
   914             0
   915             3
   916             3
   917             0
   918             1
   919             2
   920             1
   921             1
   922             0
   923             1
   924             2
   925             3
   926             0
   927             1
   928             1
   929             0
   930             2
   931             0
   932             1
   933             0
   934             1
   935             1
   936             2
   937             1
   938             3
   939             1
   940             0
   941             1
   942             1
   943             2
   944             0
   945             0
   946             1
   947             2
   948             1
   949             1
   950             1
   951             2
   952             2
   953             1
   954             1
   955             2
   956             0
   957             3
   958             1
   959             1
   960             1
   961             1
   962             1
   963             1
   964             2
   965             1
   966             0
   967             1
   968             0
   969             0
   970             0
   971             4
   972             1
   973             1
   974             4
   975             1
   976             0
   977             1
   978             1
   979             0
   980             0
   981             0
   982             6
   983             3
   984             1
   985             1
   986             1
   987             1
   988             2
   989             3
   990             1
   991             3
   992             0
   993             0
   994             1
   995             1
   996             2
   997             1
   998             1
   999             5
  1000             0
  1001             0
  1002             2
  1003             0
  1004             0
  1005             1
  1006             3
  1007             2
  1008             1
  1009             2
  1010             2
  1011             1
  1012             2
  1013             0
  1014             0
  1015             0
  1016             1
  1017             3
  1018             4
  1019             4
  1020             0
  1021             1
  1022             1
  1023             2
  1024             0
  1025             2
  1026             2
  1027             1
  1028             1
  1029             2
  1030             1
  1031             0
  1032             1
  1033             1
  1034             0
  1035             0
  1036             0
  1037             1
  1038             1
  1039             2
  1040             2
  1041             0
  1042             1
  1043             1
  1044             4
  1045             1
  1046             0
  1047             1
  1048             1
  1049             0
  1050             2
  1051             2
  1052             4
  1053             1
  1054             0
  1055             1
  1056             3
  1057             0
  1058             2
  1059             2
  1060             3
  1061             1
  1062             1
  1063             1
  1064             2
  1065             2
  1066             0
  1067             0
  1068             0
  1069             1
  1070             0
  1071             2
  1072             0
  1073             1
  1074             2
  1075             1
  1076             1
  1077             0
  1078             3
  1079             0
  1080             3
  1081             1
  1082             0
  1083             1
  1084             2
  1085             3
  1086             3
  1087             1
  1088             1
  1089             2
  1090             2
  1091             2
  1092             3
  1093             2
  1094             0
  1095             1
  1096             1
  1097             2
  1098             0
  1099             3
  1100             2
  1101             0
  1102             4
  1103             1
  1104             1
  1105             2
  1106             0
  1107             1
  1108             2
  1109             1
  1110             0
  1111             2
  1112             0
  1113             2
  1114             2
  1115             1
  1116             1
  1117             2
  1118             1
  1119             4
  1120             1
  1121             0
  1122             2
  1123             3
  1124             3
  1125             2
  1126             1
  1127             4
  1128             2
  1129             0
  1130             1
  1131             0
  1132             1
  1133             0
  1134             3
  1135             1
  1136             3
  1137             4
  1138             1
  1139             1
  1140             1
  1141             2
  1142             5
  1143             0
  1144             1
  1145             2
  1146             2
  1147             1
  1148             2
  1149             2
  1150             0
  1151             0
  1152             0
  1153             2
  1154             1
  1155             2
  1156             0
  1157             1
  1158             4
  1159             0
  1160             3
  1161             3
  1162             1
  1163             2
  1164             4
  1165             1
  1166             0
  1167             2
  1168             2
  1169             1
  1170             1
  1171             1
  1172             0
  1173             3
  1174             1
  1175             1
  1176             0
  1177             2
  1178             3
  1179             2
  1180             0
  1181             4
  1182             1
  1183             0
  1184             2
  1185             1
  1186             3
  1187             0
  1188             3
  1189             2
  1190             0
  1191             1
  1192             0
  1193             2
  1194             0
  1195             2
  1196             3
  1197             1
  1198             1
  1199             0
  1200             1
  1201             4
  1202             3
  1203             1
  1204             1
  1205             3
  1206             1
  1207             1
  1208             3
  1209             2
  1210             1
  1211             0
  1212             0
  1213             1
  1214             3
  1215             2
  1216             4
  1217             0
  1218             2
  1219             0
  1220             2
  1221             2
  1222             1
  1223             2
  1224             2
  1225             1
  1226             1
  1227             1
  1228             2
  1229             2
  1230             1
  1231             0
  1232             1
  1233             1
  1234             0
  1235             2
  1236             1
  1237             4
  1238             0
  1239             3
  1240             0
  1241             1
  1242             3
  1243             2
  1244             1
  1245             1
  1246             1
  1247             2
  1248             2
  1249             3
  1250             3
  1251             1
  1252             2
  1253             1
  1254             3
  1255             1
  1256             1
  1257             1
  1258             3
  1259             1
  1260             3
  1261             1
  1262             2
  1263             2
  1264             0
  1265             1
  1266             1
  1267             4
  1268             1
  1269             1
  1270             2
  1271             0
  1272             3
  1273             2
  1274             0
  1275             0
  1276             4
  1277             2
  1278             2
  1279             3
  1280             0
  1281             4
  1282             1
  1283             7
  1284             2
  1285             2
  1286             2
  1287             1
  1288             1
  1289             4
  1290             0
  1291             3
  1292             1
  1293             4
  1294             1
  1295             2
  1296             7
  1297             3
  1298             0
  1299             2
  1300             3
  1301             0
  1302             3
  1303             0
  1304             3
  1305             5
  1306             2
  1307             0
  1308             2
  1309             0
  1310             3
  1311             1
  1312             0
  1313             2
  1314             1
  1315             2
  1316             3
  1317             1
  1318             0
  1319             1
  1320             1
  1321             0
  1322             0
  1323             4
  1324             1
  1325             2
  1326             1
  1327             4
  1328             5
  1329             2
  1330             1
  1331             4
  1332             1
  1333             1
  1334             0
  1335             4
  1336             3
  1337             2
  1338             1
  1339             4
  1340             2
  1341             0
  1342             2
  1343             1
  1344             0
  1345             2
  1346             2
  1347             2
  1348             2
  1349             2
  1350             1
  1351             2
  1352             1
  1353             3
  1354             2
  1355             2
  1356             1
  1357             1
  1358             3
  1359             1
  1360             1
  1361             1
  1362             2
  1363             0
  1364             4
  1365             3
  1366             4
  1367             2
  1368             1
  1369             5
  1370             2
  1371             2
  1372             2
  1373             4
  1374             4
  1375             4
  1376             2
  1377             2
  1378             0
  1379             4
  1380             3
  1381             1
  1382             1
  1383             3
  1384             2
  1385             1
  1386             2
  1387             4
  1388             1
  1389             2
  1390             0
  1391             0
  1392             1
  1393             2
  1394             2
  1395             2
  1396             5
  1397             3
  1398             4
  1399             4
  1400             0
  1401             1
  1402             7
  1403             2
  1404             0
  1405             2
  1406             1
  1407             2
  1408             3
  1409             1
  1410             3
  1411             0
  1412             0
  1413             3
  1414             3
  1415             1
  1416             2
  1417             2
  1418             3
  1419             2
  1420             3
  1421             3
  1422             2
  1423             3
  1424             2
  1425             4
  1426             2
  1427             2
  1428             2
  1429             7
  1430             1
  1431             2
  1432             3
  1433             3
  1434             4
  1435             1
  1436             0
  1437             1
  1438             1
  1439             0
  1440             3
  1441             2
  1442             2
  1443             1
  1444             3
  1445             0
  1446             3
  1447             1
  1448             2
  1449             3
  1450             2
  1451             3
  1452             2
  1453             2
  1454             4
  1455             3
  1456             2
  1457             2
  1458             4
  1459             2
  1460             1
  1461             1
  1462             4
  1463             0
  1464             2
  1465             5
  1466             5
  1467             1
  1468             2
  1469             3
  1470             3
  1471             0
  1472             6
  1473             2
  1474             1
  1475             2
  1476             2
  1477             3
  1478             2
  1479             4
  1480             5
  1481             3
  1482             4
  1483             4
  1484             4
  1485             2
  1486             1
  1487             2
  1488             5
  1489             3
  1490             1
  1491             2
  1492             3
  1493             5
  1494             0
  1495             2
  1496             1
  1497             2
  1498             2
  1499             3
  1500             0
  1501             1
  1502             4
  1503             6
  1504             3
  1505             2
  1506             0
  1507             2
  1508             2
  1509             3
  1510             3
  1511             1
  1512             2
  1513             6
  1514             3
  1515             3
  1516             6
  1517             3
  1518             1
  1519             4
  1520             2
  1521             2
  1522             7
  1523             0
  1524             1
  1525             3
  1526             4
  1527             2
  1528             3
  1529             2
  1530             1
  1531             3
  1532             1
  1533             2
  1534             2
  1535             2
  1536             0
  1537             2
  1538             2
  1539             4
  1540             3
  1541             7
  1542             1
  1543             5
  1544             2
  1545             1
  1546             2
  1547             5
  1548             1
  1549             0
  1550             4
  1551             4
  1552             4
  1553             3
  1554             1
  1555             1
  1556             1
  1557             4
  1558             2
  1559             3
  1560             2
  1561             7
  1562             2
  1563             1
  1564             3
  1565             4
  1566             6
  1567             3
  1568             3
  1569             0
  1570             8
  1571             5
  1572             7
  1573             4
  1574             2
  1575             2
  1576             3
  1577             2
  1578             3
  1579             4
  1580             3
  1581             4
  1582             2
  1583             2
  1584             1
  1585             5
  1586             4
  1587             6
  1588             4
  1589             3
  1590             2
  1591             5
  1592             4
  1593             5
  1594             2
  1595             3
  1596             2
  1597             0
  1598             8
  1599             3
  1600             4
  1601             3
  1602             2
  1603             5
  1604             6
  1605             3
  1606             0
  1607             1
  1608             4
  1609             2
  1610             3
  1611             0
  1612             5
  1613             4
  1614             3
  1615             1
  1616             7
  1617             2
  1618             1
  1619             4
  1620             5
  1621             4
  1622             5
  1623             7
  1624             2
  1625             8
  1626             3
  1627             6
  1628             1
  1629             4
  1630             3
  1631             8
  1632             2
  1633             5
  1634             7
  1635             3
  1636             2
  1637             6
  1638             4
  1639             4
  1640             3
  1641             4
  1642             4
  1643             4
  1644             2
  1645             8
  1646             6
  1647             5
  1648             2
  1649             4
  1650             5
  1651             4
  1652             4
  1653             5
  1654             4
  1655             8
  1656             5
  1657             7
  1658             7
  1659            11
  1660             6
  1661             4
  1662             5
  1663             9
  1664             4
  1665             5
  1666             1
  1667             6
  1668             6
  1669             7
  1670             8
  1671            13
  1672             8
  1673            10
  1674             4
  1675             9
  1676             7
  1677             5
  1678             9
  1679            11
  1680             9
  1681             9
  1682             8
  1683            14
  1684            18
  1685             9
  1686             7
  1687             6
  1688             8
  1689            10
  1690            14
  1691            12
  1692            10
  1693             6
  1694            14
  1695             5
  1696            13
  1697            15
  1698             7
  1699            15
  1700            20
  1701            10
  1702             8
  1703             9
  1704             7
  1705            14
  1706             7
  1707            14
  1708            12
  1709             9
  1710            14
  1711            15
  1712            16
  1713            17
  1714            16
  1715            18
  1716            19
  1717            17
  1718            12
  1719            19
  1720            25
  1721            20
  1722            20
  1723            24
  1724            22
  1725            18
  1726            27
  1727            26
  1728            26
  1729            16
  1730            23
  1731            25
  1732            31
  1733            31
  1734            47
  1735            40
  1736            38
  1737            39
  1738            38
  1739            41
  1740            54
  1741            38
  1742            39
  1743            46
  1744            62
  1745            46
  1746            55
  1747            51
  1748            56
  1749            64
  1750            66
  1751            64
  1752            78
  1753            58
  1754            77
  1755            93
  1756            92
  1757           100
  1758           103
  1759           110
  1760           115
  1761           119
  1762            92
  1763           124
  1764           116
  1765           134
  1766           163
  1767           162
  1768           192
  1769           171
  1770           187
  1771           188
  1772           204
  1773           176
  1774           210
  1775           221
  1776           250
  1777           245
  1778           255
  1779           248
  1780           261
  1781           259
  1782           278
  1783           289
  1784           286
  1785           298
  1786           279
  1787           306
  1788           334
  1789           328
  1790           316
  1791           356
  1792           325
  1793           369
  1794           345
  1795           349
  1796           350
  1797           371
  1798           396
  1799           367
  1800           407
  1801           342
  1802           376
  1803           384
  1804           374
  1805           380
  1806           336
  1807           348
  1808           357
  1809           383
  1810           366
  1811           356
  1812           361
  1813           378
  1814           342
  1815           360
  1816           331
  1817           343
  1818           334
  1819           346
  1820           312
  1821           330
  1822           299
  1823           327
  1824           284
  1825           292
  1826           283
  1827           291
  1828           311
  1829           256
  1830           251
  1831           277
  1832           264
  1833           246
  1834           218
  1835           201
  1836           221
  1837           238
  1838           206
  1839           212
  1840           200
  1841           181
  1842           203
  1843           207
  1844           195
  1845           187
  1846           154
  1847           173
  1848           161
  1849           140
  1850           140
  1851           158
  1852           121
  1853           138
  1854           120
  1855           133
  1856           118
  1857           118
  1858           116
  1859           111
  1860           109
  1861           101
  1862            79
  1863           114
  1864           109
  1865            72
  1866            71
  1867            75
  1868            74
  1869            78
  1870            72
  1871            81
  1872            79
  1873            73
  1874            65
  1875            50
  1876            59
  1877            51
  1878            52
  1879            53
  1880            54
  1881            68
  1882            48
  1883            54
  1884            39
  1885            54
  1886            46
  1887            38
  1888            44
  1889            58
  1890            55
  1891            57
  1892            39
  1893            40
  1894            45
  1895            39
  1896            43
  1897            57
  1898            41
  1899            45
  1900            58
  1901            50
  1902            45
  1903            42
  1904            64
  1905            52
  1906            58
  1907            58
  1908            56
  1909            58
  1910            54
  1911            64
  1912            71
  1913            55
  1914            83
  1915            62
  1916            72
  1917            95
  1918            77
  1919            87
  1920            82
  1921            88
  1922            83
  1923            97
  1924           103
  1925           112
  1926           116
  1927           117
  1928           115
  1929           111
  1930           143
  1931           141
  1932           158
  1933           141
  1934           154
  1935           147
  1936           146
  1937           143
  1938           174
  1939           168
  1940           174
  1941           206
  1942           234
  1943           251
  1944           220
  1945           225
  1946           243
  1947           252
  1948           261
  1949           277
  1950           268
  1951           258
  1952           309
  1953           264
  1954           290
  1955           321
  1956           289
  1957           317
  1958           313
  1959           348
  1960           319
  1961           297
  1962           339
  1963           349
  1964           361
  1965           330
  1966           357
  1967           355
  1968           351
  1969           381
  1970           366
  1971           340
  1972           349
  1973           414
  1974           361
  1975           389
  1976           359
  1977           338
  1978           376
  1979           367
  1980           365
  1981           373
  1982           365
  1983           330
  1984           371
  1985           320
  1986           349
  1987           325
  1988           335
  1989           343
  1990           324
  1991           295
  1992           308
  1993           330
  1994           319
  1995           302
  1996           278
  1997           295
  1998           269
  1999           286
  2000           290
  2001           273
  2002           257
  2003           253
  2004           236
  2005           248
  2006           267
  2007           228
  2008           222
  2009           205
  2010           221
  2011           188
  2012           241
  2013           200
  2014           192
  2015           193
  2016           173
  2017           176
  2018           166
  2019           167
  2020           164
  2021           172
  2022           147
  2023           134
  2024           157
  2025           148
  2026           147
  2027           135
  2028           145
  2029           133
  2030           129
  2031           113
  2032           126
  2033           126
  2034           104
  2035           117
  2036           107
  2037           109
  2038           115
  2039            95
  2040            88
  2041            97
  2042           104
  2043            84
  2044           102
  2045            89
  2046            72
  2047            77
  2048            75
  2049            92
  2050            82
  2051            98
  2052            84
  2053            93
  2054           100
  2055            64
  2056            76
  2057            87
  2058            74
  2059            85
  2060            79
  2061            70
  2062            67
  2063            76
  2064            80
  2065            79
  2066            90
  2067            89
  2068            73
  2069            87
  2070            87
  2071            97
  2072            98
  2073            87
  2074            77
  2075            83
  2076           106
  2077           104
  2078            91
  2079           112
  2080           128
  2081           122
  2082           116
  2083           113
  2084           128
  2085           144
  2086           134
  2087           122
  2088           136
  2089           140
  2090           169
  2091           156
  2092           165
  2093           181
  2094           162
  2095           179
  2096           203
  2097           194
  2098           210
  2099           205
  2100           215
  2101           209
  2102           222
  2103           232
  2104           275
  2105           269
  2106           276
  2107           269
  2108           312
  2109           313
  2110           330
  2111           335
  2112           340
  2113           344
  2114           357
  2115           343
  2116           366
  2117           408
  2118           418
  2119           425
  2120           378
  2121           457
  2122           454
  2123           458
  2124           513
  2125           488
  2126           515
  2127           524
  2128           512
  2129           515
  2130           575
  2131           555
  2132           604
  2133           569
  2134           615
  2135           596
  2136           614
  2137           601
  2138           624
  2139           608
  2140           625
  2141           674
  2142           618
  2143           693
  2144           667
  2145           698
  2146           696
  2147           696
  2148           681
  2149           671
  2150           706
  2151           692
  2152           711
  2153           693
  2154           733
  2155           718
  2156           638
  2157           721
  2158           709
  2159           697
  2160           683
  2161           664
  2162           644
  2163           633
  2164           651
  2165           657
  2166           644
  2167           650
  2168           651
  2169           626
  2170           586
  2171           615
  2172           577
  2173           569
  2174           578
  2175           553
  2176           552
  2177           536
  2178           489
  2179           505
  2180           497
  2181           441
  2182           477
  2183           502
  2184           480
  2185           464
  2186           420
  2187           383
  2188           403
  2189           413
  2190           408
  2191           387
  2192           387
  2193           359
  2194           357
  2195           325
  2196           327
  2197           332
  2198           294
  2199           317
  2200           290
  2201           265
  2202           237
  2203           263
  2204           240
  2205           234
  2206           231
  2207           202
  2208           222
  2209           196
  2210           221
  2211           189
  2212           188
  2213           175
  2214           184
  2215           154
  2216           143
  2217           142
  2218           149
  2219           143
  2220           133
  2221           143
  2222           130
  2223           108
  2224           113
  2225           117
  2226           106
  2227           109
  2228           104
  2229           119
  2230            96
  2231            88
  2232            90
  2233            85
  2234            77
  2235            97
  2236            80
  2237            75
  2238            72
  2239            71
  2240            67
  2241            70
  2242            63
  2243            61
  2244            68
  2245            60
  2246            68
  2247            41
  2248            36
  2249            56
  2250            56
  2251            41
  2252            59
  2253            42
  2254            31
  2255            36
  2256            44
  2257            49
  2258            44
  2259            43
  2260            30
  2261            44
  2262            24
  2263            44
  2264            34
  2265            32
  2266            40
  2267            29
  2268            37
  2269            32
  2270            26
  2271            41
  2272            24
  2273            23
  2274            33
  2275            27
  2276            24
  2277            34
  2278            28
  2279            21
  2280            27
  2281            26
  2282            26
  2283            18
  2284            19
  2285            29
  2286            25
  2287            24
  2288            24
  2289            24
  2290            26
  2291             9
  2292            14
  2293            15
  2294            17
  2295            15
  2296            17
  2297            24
  2298            12
  2299            15
  2300            13
  2301            16
  2302            15
  2303            17
  2304            17
  2305             9
  2306            17
  2307            17
  2308            16
  2309            17
  2310            14
  2311            11
  2312            11
  2313            13
  2314            13
  2315            12
  2316            15
  2317            10
  2318            13
  2319            12
  2320            10
  2321            18
  2322             8
  2323            10
  2324             3
  2325             5
  2326             8
  2327             9
  2328             5
  2329             7
  2330             5
  2331             6
  2332            11
  2333             7
  2334             7
  2335             2
  2336             6
  2337             5
  2338             5
  2339             5
  2340             6
  2341             5
  2342             5
  2343            10
  2344             5
  2345             6
  2346             5
  2347             6
  2348             2
  2349             6
  2350             2
  2351             5
  2352             6
  2353             5
  2354             4
  2355             2
  2356             2
  2357             2
  2358             2
  2359             3
  2360             2
  2361             3
  2362             6
  2363             2
  2364             5
  2365             6
  2366             3
  2367             6
  2368             3
  2369             4
  2370             1
  2371             2
  2372             3
  2373             5
  2374             5
  2375             4
  2376             1
  2377             0
  2378             4
  2379             2
  2380             2
  2381             3
  2382             2
  2383             4
  2384             2
  2385             3
  2386             4
  2387             1
  2388             2
  2389             3
  2390             0
  2391             2
  2392             4
  2393             1
  2394             1
  2395             3
  2396             5
  2397             3
  2398             2
  2399             2
  2400             4
  2401             2
  2402             2
  2403             2
  2404             5
  2405             2
  2406             0
  2407             2
  2408             0
  2409             0
  2410             2
  2411             3
  2412             3
  2413             4
  2414             3
  2415             3
  2416             3
  2417             5
  2418             3
  2419             2
  2420             3
  2421             2
  2422             1
  2423             4
  2424             1
  2425             2
  2426             2
  2427             6
  2428             2
  2429             5
  2430             3
  2431             3
  2432             5
  2433             1
  2434             6
  2435             2
  2436             9
  2437             7
  2438             9
  2439             5
  2440             4
  2441             4
  2442             3
  2443            12
  2444             7
  2445             7
  2446             3
  2447             4
  2448             1
  2449            10
  2450             8
  2451             3
  2452             3
  2453             5
  2454             4
  2455             5
  2456             4
  2457             4
  2458             1
  2459             6
  2460             4
  2461             3
  2462             8
  2463             8
  2464             5
  2465             4
  2466             8
  2467             8
  2468             7
  2469             5
  2470             9
  2471             4
  2472             3
  2473             5
  2474             4
  2475             5
  2476             6
  2477             7
  2478            11
  2479             8
  2480             5
  2481             5
  2482             6
  2483            10
  2484             2
  2485             1
  2486             5
  2487             5
  2488            11
  2489             5
  2490             2
  2491            15
  2492             7
  2493             3
  2494             3
  2495             6
  2496             4
  2497             4
  2498             5
  2499             4
  2500             2
  2501             3
  2502             8
  2503             4
  2504             4
  2505             2
  2506             5
  2507             5
  2508             1
  2509             4
  2510             2
  2511             3
  2512             3
  2513             9
  2514             4
  2515             2
  2516             3
  2517             8
  2518             3
  2519             4
  2520             6
  2521             4
  2522             4
  2523             6
  2524             6
  2525             5
  2526             3
  2527             9
  2528             5
  2529             6
  2530             6
  2531             6
  2532             4
  2533             4
  2534             9
  2535             4
  2536             8
  2537             5
  2538             7
  2539            10
  2540             6
  2541            12
  2542             5
  2543             8
  2544            13
  2545             9
  2546             9
  2547            12
  2548             7
  2549             6
  2550            15
  2551             7
  2552            10
  2553            10
  2554            12
  2555             8
  2556             6
  2557            14
  2558            13
  2559            13
  2560            16
  2561            14
  2562            16
  2563            10
  2564            16
  2565            12
  2566            19
  2567            12
  2568            19
  2569            11
  2570            16
  2571            12
  2572            16
  2573            23
  2574            20
  2575            23
  2576            26
  2577            18
  2578            32
  2579            15
  2580            19
  2581            13
  2582            22
  2583            19
  2584            15
  2585            13
  2586            23
  2587            14
  2588            19
  2589            24
  2590            21
  2591            15
  2592            13
  2593            17
  2594            19
  2595            10
  2596            20
  2597            22
  2598            12
  2599            12
  2600            11
  2601            18
  2602            22
  2603            28
  2604            14
  2605            20
  2606            26
  2607            11
  2608            17
  2609            14
  2610            10
  2611            18
  2612            16
  2613            16
  2614            11
  2615            14
  2616             9
  2617            14
  2618            13
  2619            10
  2620            10
  2621             7
  2622             7
  2623             7
  2624             6
  2625            10
  2626            13
  2627             9
  2628            10
  2629            11
  2630             1
  2631             8
  2632             8
  2633            11
  2634            10
  2635             3
  2636             3
  2637             7
  2638             6
  2639             5
  2640             2
  2641             2
  2642             5
  2643             3
  2644             3
  2645             4
  2646             2
  2647             6
  2648             3
  2649             3
  2650             1
  2651             3
  2652             3
  2653             3
  2654             1
  2655             2
  2656             3
  2657             4
  2658             4
  2659             2
  2660             0
  2661             1
  2662             1
  2663             2
  2664             2
  2665             1
  2666             1
  2667             2
  2668             2
  2669             1
  2670             1
  2671             2
  2672             1
  2673             2
  2674             0
  2675             0
  2676             0
  2677             3
  2678             1
  2679             1
  2680             1
  2681             3
  2682             0
  2683             0
  2684             0
  2685             1
  2686             0
  2687             0
  2688             0
  2689             0
  2690             0
  2691             0
  2692             1
  2693             1
  2694             2
  2695             3
  2696             0
  2697             1
  2698             0
  2699             0
  2700             3
  2701             1
  2702             0
  2703             1
  2704             0
  2705             1
  2706             1
  2707             0
  2708             2
  2709             0
  2710             0
  2711             2
  2712             0
  2713             0
  2714             1
  2715             0
  2716             0
  2717             2
  2718             2
  2719             1
  2720             1
  2721             0
  2722             0
  2723             0
  2724             1
  2725             0
  2726             0
  2727             0
  2728             1
  2729             2
  2730             0
  2731             0
  2732             3
  2733             1
  2734             0
  2735             2
  2736             1
  2737             0
  2738             1
  2739             1
  2740             0
  2741             1
  2742             1
  2743             1
  2744             1
  2745             2
  2746             1
  2747             0
  2748             0
  2749             0
  2750             0
  2751             1
  2752             0
  2753             1
  2754             3
  2755             2
  2756             1
  2757             2
  2758             1
  2759             1
  2760             0
  2761             1
  2762             1
  2763             1
  2764             2
  2765             2
  2766             1
  2767             1
  2768             1
  2769             2
  2770             2
  2771             1
  2772             3
  2773             0
  2774             1
  2775             2
  2776             0
  2777             2
  2778             1
  2779             3
  2780             4
  2781             2
  2782             3
  2783             1
  2784             2
  2785             2
  2786             5
  2787             4
  2788             2
  2789             2
  2790             8
  2791             4
  2792             3
  2793             4
  2794             7
  2795             0
  2796             4
  2797             3
  2798             7
  2799             1
  2800             6
  2801            11
  2802             7
  2803             5
  2804             7
  2805             6
  2806             5
  2807             9
  2808             5
  2809             7
  2810             9
  2811             9
  2812            13
  2813            16
  2814             9
  2815            17
  2816            13
  2817            11
  2818            15
  2819            15
  2820            10
  2821            11
  2822            15
  2823            13
  2824            16
  2825            19
  2826            18
  2827             9
  2828            13
  2829            14
  2830            15
  2831            13
  2832            18
  2833            15
  2834            17
  2835            26
  2836            15
  2837            23
  2838            21
  2839            15
  2840            19
  2841            16
  2842            19
  2843            20
  2844            24
  2845            23
  2846            13
  2847            10
  2848            16
  2849            13
  2850            21
  2851            21
  2852            15
  2853            25
  2854            16
  2855            15
  2856            21
  2857            13
  2858            13
  2859            18
  2860            24
  2861            11
  2862            19
  2863            15
  2864            20
  2865            15
  2866            15
  2867             9
  2868            15
  2869            11
  2870            12
  2871            11
  2872            13
  2873            10
  2874            16
  2875            15
  2876             6
  2877             7
  2878            15
  2879            13
  2880             9
  2881             9
  2882             5
  2883             9
  2884            11
  2885             8
  2886             3
  2887             9
  2888            10
  2889             5
  2890            10
  2891             6
  2892             6
  2893            11
  2894             5
  2895             5
  2896             5
  2897             6
  2898             3
  2899             4
  2900             5
  2901             0
  2902             0
  2903             4
  2904             5
  2905             3
  2906             1
  2907             2
  2908             2
  2909             3
  2910             3
  2911             4
  2912             3
  2913             1
  2914             1
  2915             1
  2916             1
  2917             2
  2918             3
  2919             3
  2920             2
  2921             0
  2922             2
  2923             1
  2924             0
  2925             1
  2926             0
  2927             0
  2928             1
  2929             1
  2930             1
  2931             0
  2932             0
  2933             0
  2934             2
  2935             2
  2936             0
  2937             0
  2938             1
  2939             0
  2940             0
  2941             3
  2942             1
  2943             0
  2944             0
  2945             0
  2946             1
  2947             0
  2948             1
  2949             2
  2950             1
  2951             0
  2952             1
  2953             1
  2954             1
  2955             1
  2956             2
  2957             1
  2958             2
  2959             2
  2960             0
  2961             1
  2962             1
  2963             2
  2964             1
  2965             2
  2966             1
  2967             2
  2968             0
  2969             4
  2970             1
  2971             1
  2972             0
  2973             2
  2974             2
  2975             2
  2976             1
  2977             4
  2978             1
  2979             2
  2980             1
  2981             0
  2982             2
  2983             0
  2984             2
  2985             1
  2986             1
  2987             2
  2988             2
  2989             0
  2990             2
  2991             4
  2992             1
  2993             3
  2994             6
  2995             1
  2996             2
  2997             3
  2998             5
  2999             1
  3000             1
  3001             2
  3002             2
  3003             1
  3004             2
  3005             5
  3006             3
  3007             3
  3008             2
  3009             2
  3010             1
  3011             1
  3012             0
  3013             0
  3014             0
  3015             1
  3016             2
  3017             1
  3018             1
  3019             4
  3020             3
  3021             0
  3022             3
  3023             3
  3024             3
  3025             1
  3026             1
  3027             0
  3028             1
  3029             3
  3030             2
  3031             1
  3032             1
  3033             0
  3034             0
  3035             0
  3036             1
  3037             0
  3038             0
  3039             1
  3040             1
  3041             0
  3042             0
  3043             1
  3044             0
  3045             1
  3046             1
  3047             1
  3048             0
  3049             2
  3050             0
  3051             1
  3052             1
  3053             0
  3054             0
  3055             0
  3056             1
  3057             0
  3058             1
  3059             1
  3060             1
  3061             0
  3062             0
  3063             0
  3064             0
  3065             0
  3066             0
  3067             0
  3068             1
  3069             0
  3070             1
  3071             0
  3072             0
  3073             0
  3074             1
  3075             0
  3076             0
  3077             0
  3078             0
  3079             0
  3080             0
  3081             0
  3082             0
  3083             0
  3084             1
  3085             0
  3086             0
  3087             0
  3088             0
  3089             0
  3090             1
  3091             0
  3092             1
  3093             0
  3094             0
  3095             0
  3096             0
  3097             0
  3098             0
  3099             0
  3100             0
  3101             0
  3102             1
  3103             0
  3104             0
  3105             0
  3106             0
  3107             0
  3108             0
  3109             0
  3110             0
  3111             0
  3112             0
  3113             1
  3114             1
  3115             0
  3116             1
  3117             0
  3118             0
  3119             0
  3120             0
  3121             0
  3122             0
  3123             1
  3124             0
  3125             1
  3126             1
  3127             0
  3128             0
  3129             0
  3130             0
  3131             0
  3132             0
  3133             0
  3134             0
  3135             0
  3136             0
  3137             0
  3138             0
  3139             0
  3140             1
  3141             0
  3142             0
  3143             0
  3144             0
  3145             1
  3146             1
  3147             0
  3148             0
  3149             0
  3150             1
  3151             0
  3152             0
  3153             0
  3154             0
  3155             2
  3156             0
  3157             0
  3158             0
  3159             0
  3160             0
  3161             0
  3162             0
  3163             1
  3164             0
  3165             0
  3166             0
  3167             0
  3168             1
  3169             0
  3170             1
  3171             0
  3172             1
  3173             0
  3174             0
  3175             0
  3176             0
  3177             0
  3178             1
  3179             0
  3180             0
  3181             0
  3182             0
  3183             0
  3184             0
  3185             0
  3186             0
  3187             0
  3188             0
  3189             0
  3190             0
  3191             0
  3192             0
  3193             0
  3194             0
  3195             0
  3196             0
  3197             0
  3198             1
  3199             0
  3200             1
  3201             1
  3202             1
  3203             1
  3204             1
  3205             0
  3206             1
  3207             0
  3208             0
  3209             1
  3210             1
  3211             1
  3212             0
  3213             0
  3214             1
  3215             0
  3216             0
  3217             0
  3218             0
  3219             1
  3220             0
  3221             0
  3222             1
  3223             0
  3224             1
  3225             0
  3226             0
  3227             0
  3228             0
  3229             1
  3230             0
  3231             1
  3232             1
  3233             0
  3234             0
  3235             0
  3236             0
  3237             1
  3238             0
  3239             1
  3240             0
  3241             0
  3242             2
  3243             0
  3244             0
  3245             0
  3246             0
  3247             1
  3248             0
  3249             0
  3250             1
  3251             0
  3252             1
  3253             0
  3254             0
  3255             0
  3256             0
  3257             0
  3258             0
  3259             1
  3260             1
  3261             0
  3262             1
  3263             1
  3264             1
  3265             0
  3266             0
  3267             0
  3268             0
  3269             0
  3270             0
  3271             0
  3272             0
  3273             0
  3274             1
  3275             0
  3276             0
  3277             0
  3278             0
  3279             0
  3280             2
  3281             1
  3282             0
  3283             1
  3284             0
  3285             0
  3286             0
  3287             0
  3288             0
  3289             1
  3290             0
  3291             0
  3292             0
  3293             1
  3294             0
  3295             1
  3296             0
  3297             1
  3298             1
  3299             0
  3300             0
  3301             1
  3302             1
  3303             0
  3304             1
  3305             0
  3306             0
  3307             1
  3308             0
  3309             1
  3310             0
  3311             1
  3312             0
  3313             0
  3314             0
  3315             0
  3316             0
  3317             1
  3318             0
  3319             0
  3320             0
  3321             0
  3322             1
  3323             0
  3324             0
  3325             0
  3326             0
  3327             0
  3328             1
  3329             0
  3330             0
  3331             1
  3332             2
  3333             2
  3334             0
  3335             0
  3336             0
  3337             0
  3338             0
  3339             0
  3340             0
  3341             0
  3342             0
  3343             0
  3344             0
  3345             1
  3346             0
  3347             0
  3348             0
  3349             0
  3350             1
  3351             1
  3352             1
  3353             0
  3354             0
  3355             0
  3356             1
  3357             0
  3358             0
  3359             1
  3360             0
  3361             0
  3362             0
  3363             1
  3364             1
  3365             1
  3366             0
  3367             0
  3368             0
  3369             0
  3370             0
  3371             0
  3372             1
  3373             0
  3374             2
  3375             1
  3376             1
  3377             0
  3378             2
  3379             1
  3380             0
  3381             0
  3382             0
  3383             0
  3384             0
  3385             1
  3386             0
  3387             1
  3388             0
  3389             0
  3390             0
  3391             1
  3392             1
  3393             0
  3394             1
  3395             0
  3396             1
  3397             0
  3398             0
  3399             0
  3400             0
  3401             0
  3402             1
  3403             0
  3404             0
  3405             0
  3406             0
  3407             0
  3408             1
  3409             0
  3410             0
  3411             0
  3412             1
  3413             0
  3414             0
  3415             0
  3416             0
  3417             0
  3418             0
  3419             1
  3420             0
  3421             0
  3422             0
  3423             1
  3424             0
  3425             1
  3426             0
  3427             0
  3428             0
  3429             1
  3430             0
  3431             0
  3432             0
  3433             1
  3434             1
  3435             0
  3436             0
  3437             0
  3438             1
  3439             0
  3440             0
  3441             0
  3442             0
  3443             0
  3444             0
  3445             0
  3446             1
  3447             0
  3448             0
  3449             0
  3450             0
  3451             0
  3452             1
  3453             0
  3454             1
  3455             2
  3456             0
  3457             0
  3458             0
  3459             2
  3460             0
  3461             1
  3462             0
  3463             0
  3464             0
  3465             0
  3466             1
  3467             0
  3468             0
  3469             0
  3470             0
  3471             0
  3472             0
  3473             0
  3474             0
  3475             0
  3476             0
  3477             0
  3478             0
  3479             0
  3480             0
  3481             0
  3482             0
  3483             0
  3484             0
  3485             0
  3486             0
  3487             0
  3488             0
  3489             0
  3490             1
  3491             0
  3492             0
  3493             0
  3494             0
  3495             0
  3496             0
  3497             0
  3498             0
  3499             0
  3500             1
  3501             0
  3502             0
  3503             1
  3504             0
  3505             0
  3506             3
  3507             1
  3508             1
  3509             0
  3510             1
  3511             0
  3512             1
  3513             1
  3514             2
  3515             0
  3516             0
  3517             0
  3518             0
  3519             0
  3520             0
  3521             0
  3522             0
  3523             0
  3524             0
  3525             3
  3526             0
  3527             0
  3528             0
  3529             1
  3530             1
  3531             1
  3532             0
  3533             0
  3534             1
  3535             0
  3536             0
  3537             0
  3538             0
  3539             0
  3540             1
  3541             1
  3542             0
  3543             1
  3544             0
  3545             0
  3546             1
  3547             0
  3548             0
  3549             0
  3550             0
  3551             0
  3552             1
  3553             0
  3554             0
  3555             1
  3556             0
  3557             1
  3558             1
  3559             1
  3560             1
  3561             0
  3562             1
  3563             1
  3564             1
  3565             1
  3566             2
  3567             2
  3568             2
  3569             1
  3570             2
  3571             1
  3572             1
  3573             1
  3574             4
  3575             3
  3576             2
  3577             2
  3578             2
  3579             0
  3580             1
  3581             4
  3582             2
  3583             1
  3584             0
  3585             1
  3586             2
  3587             1
  3588             1
  3589             1
  3590             2
  3591             2
  3592             0
  3593             1
  3594             4
  3595             2
  3596             4
  3597             2
  3598             1
  3599             0
  3600             5
  3601             1
  3602             2
  3603             2
  3604             2
  3605             1
  3606             2
  3607             1
  3608             1
  3609             1
  3610             0
  3611             1
  3612             3
  3613             2
  3614             3
  3615             1
  3616             1
  3617             3
  3618             1
  3619             2
  3620             1
  3621             3
  3622             1
  3623             1
  3624             3
  3625             3
  3626             1
  3627             1
  3628             0
  3629             3
  3630             1
  3631             0
  3632             1
  3633             0
  3634             3
  3635             2
  3636             3
  3637             0
  3638             0
  3639             2
  3640             1
  3641             2
  3642             0
  3643             1
  3644             0
  3645             0
  3646             0
  3647             0
  3648             0
  3649             0
  3650             2
  3651             0
  3652             0
  3653             0
  3654             0
  3655             1
  3656             1
  3657             0
  3658             1
  3659             0
  3660             1
  3661             1
  3662             0
  3663             2
  3664             1
  3665             1
  3666             3
  3667             2
  3668             2
  3669             0
  3670             2
  3671             1
  3672             1
  3673             1
  3674             2
  3675             1
  3676             1
  3677             4
  3678             2
  3679             3
  3680             0
  3681             2
  3682             3
  3683             1
  3684             2
  3685             3
  3686             5
  3687             1
  3688             4
  3689             3
  3690             1
  3691             1
  3692             1
  3693             1
  3694             2
  3695             1
  3696             1
  3697             1
  3698             2
  3699             1
  3700             1
  3701             3
  3702             1
  3703             1
  3704             4
  3705             2
  3706             3
  3707             3
  3708             2
  3709             3
  3710             3
  3711             3
  3712             2
  3713             4
  3714             4
  3715             2
  3716             5
  3717             4
  3718             3
  3719            10
  3720             4
  3721             6
  3722             7
  3723             3
  3724             5
  3725             3
  3726             7
  3727             7
  3728             6
  3729             8
  3730             7
  3731             9
  3732             6
  3733            11
  3734             5
  3735             4
  3736             5
  3737             7
  3738             6
  3739            11
  3740             7
  3741             7
  3742            10
  3743             7
  3744             7
  3745            14
  3746             5
  3747            10
  3748            16
  3749            10
  3750             7
  3751            11
  3752            16
  3753            14
  3754            12
  3755            12
  3756            10
  3757            14
  3758            11
  3759            16
  3760            13
  3761            16
  3762             6
  3763            12
  3764             9
  3765            10
  3766            14
  3767             5
  3768             3
  3769             7
  3770            12
  3771            10
  3772             6
  3773            12
  3774            15
  3775            13
  3776            15
  3777            12
  3778            10
  3779            10
  3780             7
  3781             5
  3782             8
  3783             9
  3784             7
  3785            11
  3786             9
  3787             9
  3788             6
  3789             9
  3790             6
  3791             8
  3792             4
  3793             3
  3794             4
  3795             5
  3796             6
  3797            10
  3798             2
  3799             6
  3800             4
  3801             2
  3802             4
  3803             6
  3804             6
  3805             1
  3806             3
  3807             2
  3808             1
  3809             0
  3810             4
  3811             0
  3812             2
  3813             0
  3814             1
  3815             0
  3816             4
  3817             1
  3818             5
  3819             2
  3820             0
  3821             3
  3822             0
  3823             1
  3824             2
  3825             2
  3826             0
  3827             0
  3828             1
  3829             1
  3830             2
  3831             2
  3832             1
  3833             2
  3834             2
  3835             1
  3836             0
  3837             1
  3838             1
  3839             0
  3840             0
  3841             1
  3842             0
  3843             0
  3844             0
  3845             1
  3846             1
  3847             0
  3848             0
  3849             0
  3850             0
  3851             0
  3852             0
  3853             0
  3854             0
  3855             0
  3856             0
  3857             1
  3858             0
  3859             0
  3860             1
  3861             0
  3862             0
  3863             0
  3864             0
  3865             0
  3866             0
  3867             0
  3868             0
  3869             0
  3870             1
  3871             1
  3872             1
  3873             0
  3874             0
  3875             0
  3876             0
  3877             1
  3878             0
  3879             2
  3880             0
  3881             0
  3882             0
  3883             0
  3884             0
  3885             0
  3886             1
  3887             0
  3888             0
  3889             1
  3890             0
  3891             0
  3892             0
  3893             0
  3894             0
  3895             0
  3896             2
  3897             0
  3898             0
  3899             0
  3900             0
  3901             1
  3902             0
  3903             0
  3904             1
  3905             1
  3906             0
  3907             0
  3908             1
  3909             1
  3910             1
  3911             1
  3912             1
  3913             0
  3914             0
  3915             0
  3916             0
  3917             0
  3918             0
  3919             0
  3920             0
  3921             0
  3922             0
  3923             0
  3924             1
  3925             0
  3926             0
  3927             0
  3928             0
  3929             0
  3930             0
  3931             0
  3932             0
  3933             0
  3934             0
  3935             0
  3936             0
  3937             0
  3938             0
  3939             0
  3940             0
  3941             2
  3942             0
  3943             0
  3944             0
  3945             0
  3946             0
  3947             0
  3948             0
  3949             1
  3950             0
  3951             1
  3952             0
  3953             1
  3954             0
  3955             0
  3956             0
  3957             0
  3958             0
  3959             0
  3960             0
  3961             0
  3962             0
  3963             0
  3964             0
  3965             0
  3966             0
  3967             0
  3968             0
  3969             0
  3970             1
  3971             0
  3972             0
  3973             0
  3974             1
  3975             0
  3976             1
  3977             0
  3978             0
  3979             0
  3980             0
  3981             0
  3982             0
  3983             0
  3984             0
  3985             0
  3986             0
  3987             0
  3988             0
  3989             0
  3990             0
  3991             0
  3992             1
  3993             0
  3994             0
  3995             0
  3996             0
  3997             0
  3998             0
  3999             0
  4000             0
  4001             0
  4002             0
  4003             0
  4004             0
  4005             0
  4006             0
  4007             0
  4008             0
  4009             0
  4010             0
  4011             1
  4012             0
  4013             0
  4014             0
  4015             0
  4016             1
  4017             0
  4018             0
  4019             0
  4020             0
  4021             0
  4022             0
  4023             0
  4024             1
  4025             0
  4026             0
  4027             0
  4028             0
  4029             0
  4030             0
  4031             1
  4032             0
  4033             0
  4034             0
  4035             0
  4036             0
  4037             0
  4038             1
  4039             0
  4040             1
  4041             0
  4042             0
  4043             0
  4044             0
  4045             0
  4046             0
  4047             0
  4048             0
  4049             0
  4050             0
  4051             0
  4052             0
  4053             0
  4054             0
  4055             1
  4056             0
  4057             0
  4058             0
  4059             0
  4060             0
  4061             0
  4062             0
  4063             0
  4064             0
  4065             0
  4066             1
  4067             0
  4068             0
  4069             0
  4070             0
  4071             0
  4072             0
  4073             0
  4074             0
  4075             0
  4076             0
  4077             0
  4078             0
  4079             0
  4080             0
  4081             1
  4082             0
  4083             0
  4084             0
  4085             0
  4086             0
  4087             1
  4088             0
  4089             0
  4090             0
  4091             0
  4092             0
  4093             0
  4094             0
  4095             0
