     0             0
     1             0
     2             0
     3             0
     4             0
     5             0
     6             0
     7             0
     8             0
     9             0
    10             0
    11             0
    12             0
    13             0
    14             0
    15             0
    16             0
    17             0
    18             0
    19             0
    20             0
    21             0
    22             0
    23             0
    24             0
    25             0
    26             0
    27             0
    28             0
    29             0
    30             0
    31             0
    32             0
    33             0
    34             0
    35             0
    36             0
    37             0
    38             0
    39             0
    40             0
    41             0
    42             0
    43             0
    44             0
    45             0
    46             1
    47             2
    48             2
    49             2
    50             1
    51             1
    52             0
    53             0
    54             0
    55             0
    56             0
    57             0
    58             0
    59             0
    60             0
    61             0
    62             0
    63             0
    64             0
    65             0
    66             0
    67             0
    68             0
    69             0
    70             0
    71             0
    72             0
    73             0
    74             0
    75             0
    76             0
    77             0
    78             0
    79             0
    80             0
    81             0
    82             0
    83             0
    84             0
    85             0
    86             0
    87             0
    88             0
    89             0
    90             0
    91             0
    92             0
    93             0
    94             0
    95             0
    96             0
    97             0
    98             0
    99             0
   100             0
   101             0
   102             0
   103             0
   104             0
   105             0
   106             0
   107             0
   108             0
   109             0
   110             0
   111             0
   112             0
   113             0
   114             0
   115             0
   116             0
   117             0
   118             0
   119             0
   120             0
   121             0
   122             0
   123             0
   124             0
   125             0
   126             0
   127             0
   128             0
   129             0
   130             0
   131             0
   132             0
   133             0
   134             0
   135             0
   136             0
   137             0
   138             0
   139             0
   140             0
   141             0
   142             0
   143             0
   144             0
   145             0
   146             0
   147             0
   148             0
   149             0
   150             0
   151             0
   152             0
   153             0
   154             0
   155             0
   156             0
   157             0
   158             0
   159             1
   160             0
   161             8
   162             3
   163            11
   164             6
   165             4
   166             5
   167             4
   168             2
   169             3
   170             5
   171             8
   172             3
   173             0
   174             4
   175             6
   176             2
   177             2
   178             2
   179             4
   180             3
   181             2
   182             1
   183             3
   184             4
   185             5
   186             4
   187             3
   188             3
   189             1
   190             2
   191             2
   192             1
   193             2
   194             0
   195             2
   196             1
   197             2
   198             2
   199             2
   200             1
   201             2
   202             3
   203             2
   204             2
   205             1
   206             4
   207             0
   208             2
   209             1
   210             2
   211             2
   212             2
   213             3
   214             4
   215             2
   216             2
   217             1
   218             2
   219             3
   220             2
   221             1
   222             2
   223             1
   224             1
   225             0
   226             1
   227             0
   228             0
   229             1
   230             1
   231             0
   232             1
   233             0
   234             2
   235             3
   236             0
   237             2
   238             1
   239             0
   240             0
   241             3
   242             1
   243             2
   244             0
   245             2
   246             2
   247             1
   248             4
   249             1
   250             1
   251             1
   252             1
   253             0
   254             2
   255             0
   256             1
   257             2
   258             1
   259             2
   260             0
   261             3
   262             1
   263             2
   264             1
   265             0
   266             1
   267             2
   268             1
   269             1
   270             0
   271             1
   272             1
   273             0
   274             0
   275             0
   276             1
   277             0
   278             1
   279             1
   280             2
   281             0
   282             1
   283             2
   284             1
   285             1
   286             1
   287             1
   288             2
   289             0
   290             1
   291             1
   292             1
   293             1
   294             0
   295             1
   296             2
   297             0
   298             0
   299             3
   300             2
   301             3
   302             1
   303             0
   304             1
   305             3
   306             2
   307             0
   308             0
   309             0
   310             2
   311             1
   312             0
   313             2
   314             0
   315             1
   316             0
   317             0
   318             0
   319             0
   320             0
   321             1
   322             2
   323             1
   324             2
   325             3
   326             0
   327             0
   328             0
   329             2
   330             1
   331             1
   332             2
   333             0
   334             1
   335             2
   336             2
   337             2
   338             1
   339             1
   340             1
   341             1
   342             1
   343             0
   344             0
   345             2
   346             0
   347             2
   348             1
   349             0
   350             1
   351             3
   352             2
   353             4
   354             1
   355             1
   356             0
   357             1
   358             0
   359             0
   360             1
   361             3
   362             2
   363             1
   364             1
   365             0
   366             1
   367             0
   368             0
   369             1
   370             1
   371             1
   372             0
   373             2
   374             0
   375             0
   376             0
   377             1
   378             0
   379             2
   380             1
   381             1
   382             0
   383             1
   384             3
   385             2
   386             0
   387             1
   388             1
   389             0
   390             2
   391             1
   392             0
   393             1
   394             0
   395             1
   396             0
   397             0
   398             2
   399             0
   400             3
   401             0
   402             2
   403             0
   404             2
   405             1
   406             3
   407             0
   408             0
   409             0
   410             2
   411             0
   412             0
   413             1
   414             1
   415             0
   416             0
   417             2
   418             3
   419             0
   420             0
   421             0
   422             0
   423             3
   424             0
   425             0
   426             1
   427             0
   428             2
   429             2
   430             3
   431             1
   432             0
   433             0
   434             1
   435             0
   436             2
   437             1
   438             0
   439             1
   440             1
   441             1
   442             3
   443             1
   444             1
   445             2
   446             0
   447             1
   448             2
   449             1
   450             1
   451             1
   452             1
   453             1
   454             2
   455             2
   456             0
   457             1
   458             0
   459             0
   460             1
   461             1
   462             1
   463             1
   464             0
   465             1
   466             1
   467             1
   468             0
   469             0
   470             1
   471             1
   472             1
   473             1
   474             1
   475             0
   476             1
   477             5
   478             0
   479             0
   480             0
   481             2
   482             1
   483             1
   484             1
   485             0
   486             1
   487             2
   488             1
   489             3
   490             0
   491             1
   492             1
   493             0
   494             4
   495             1
   496             0
   497             0
   498             1
   499             1
   500             1
   501             1
   502             1
   503             0
   504             0
   505             3
   506             1
   507             1
   508             0
   509             0
   510             1
   511             1
   512             1
   513             0
   514             0
   515             1
   516             0
   517             0
   518             1
   519             0
   520             2
   521             1
   522             2
   523             0
   524             1
   525             1
   526             1
   527             4
   528             2
   529             2
   530             2
   531             0
   532             1
   533             3
   534             1
   535             0
   536             3
   537             1
   538             1
   539             2
   540             0
   541             1
   542             0
   543             2
   544             2
   545             1
   546             0
   547             5
   548             2
   549             1
   550             2
   551             2
   552             1
   553             0
   554             0
   555             0
   556             1
   557             0
   558             2
   559             0
   560             1
   561             2
   562             1
   563             2
   564             2
   565             2
   566             0
   567             2
   568             1
   569             1
   570             1
   571             0
   572             0
   573             0
   574             2
   575             2
   576             1
   577             0
   578             1
   579             2
   580             1
   581             0
   582             1
   583             2
   584             2
   585             1
   586             1
   587             2
   588             1
   589             2
   590             1
   591             1
   592             0
   593             0
   594             0
   595             2
   596             2
   597             0
   598             1
   599             1
   600             3
   601             0
   602             2
   603             2
   604             0
   605             0
   606             1
   607             0
   608             0
   609             1
   610             1
   611             0
   612             0
   613             0
   614             2
   615             0
   616             1
   617             0
   618             0
   619             2
   620             1
   621             1
   622             0
   623             1
   624             0
   625             1
   626             0
   627             1
   628             1
   629             2
   630             0
   631             2
   632             0
   633             2
   634             2
   635             1
   636             0
   637             1
   638             0
   639             0
   640             0
   641             0
   642             1
   643             1
   644             2
   645             2
   646             1
   647             0
   648             1
   649             2
   650             4
   651             2
   652             0
   653             1
   654             2
   655             0
   656             1
   657             2
   658             0
   659             0
   660             0
   661             0
   662             1
   663             0
   664             1
   665             2
   666             1
   667             1
   668             4
   669             1
   670             2
   671             0
   672             2
   673             1
   674             0
   675             2
   676             3
   677             0
   678             0
   679             1
   680             3
   681             1
   682             1
   683             0
   684             0
   685             1
   686             1
   687             2
   688             2
   689             2
   690             0
   691             2
   692             1
   693             0
   694             0
   695             2
   696             3
   697             1
   698             1
   699             0
   700             0
   701             4
   702             1
   703             2
   704             2
   705             0
   706             0
   707             1
   708             0
   709             1
   710             2
   711             1
   712             1
   713             2
   714             2
   715             1
   716             0
   717             0
   718             1
   719             1
   720             1
   721             0
   722             0
   723             0
   724             1
   725             0
   726             1
   727             2
   728             0
   729             1
   730             1
   731             4
   732             3
   733             1
   734             1
   735             1
   736             0
   737             1
   738             0
   739             0
   740             0
   741             5
   742             0
   743             0
   744             2
   745             1
   746             3
   747             2
   748             1
   749             3
   750             4
   751             1
   752             0
   753             2
   754             0
   755             2
   756             3
   757             5
   758             1
   759             3
   760             2
   761             0
   762             1
   763             0
   764             2
   765             1
   766             1
   767             0
   768             0
   769             0
   770             1
   771             1
   772             2
   773             2
   774             2
   775             0
   776             1
   777             0
   778             1
   779             0
   780             2
   781             0
   782             1
   783             1
   784             0
   785             1
   786             2
   787             1
   788             0
   789             0
   790             1
   791             3
   792             1
   793             3
   794             3
   795             2
   796             1
   797             2
   798             1
   799             0
   800             1
   801             1
   802             0
   803             1
   804             0
   805             3
   806             1
   807             2
   808             0
   809             3
   810             0
   811             0
   812             1
   813             0
   814             0
   815             2
   816             1
   817             2
   818             3
   819             0
   820             2
   821             1
   822             1
   823             1
   824             2
   825             2
   826             0
   827             0
   828             0
   829             0
   830             1
   831             1
   832             1
   833             0
   834             3
   835             0
   836             1
   837             0
   838             0
   839             0
   840             1
   841             0
   842             2
   843             1
   844             2
   845             2
   846             3
   847             0
   848             2
   849             2
   850             0
   851             0
   852             1
   853             2
   854             1
   855             1
   856             1
   857             4
   858             3
   859             0
   860             0
   861             2
   862             1
   863             1
   864             1
   865             3
   866             1
   867             1
   868             1
   869             0
   870             1
   871             1
   872             2
   873             1
   874             0
   875             2
   876             2
   877             1
   878             0
   879             1
   880             1
   881             2
   882             1
   883             1
   884             0
   885             1
   886             1
   887             1
   888             2
   889             1
   890             3
   891             1
   892             1
   893             1
   894             0
   895             2
   896             1
   897             1
   898             2
   899             2
   900             4
   901             2
   902             2
   903             1
   904             0
   905             1
   906             0
   907             2
   908             3
   909             1
   910             2
   911             1
   912             1
   913             1
   914             2
   915             2
   916             1
   917             1
   918             0
   919             3
   920             1
   921             3
   922             1
   923             1
   924             4
   925             2
   926             0
   927             2
   928             3
   929             1
   930             2
   931             0
   932             2
   933             1
   934             1
   935             0
   936             1
   937             1
   938             1
   939             2
   940             0
   941             1
   942             1
   943             0
   944             1
   945             0
   946             3
   947             0
   948             1
   949             1
   950             2
   951             2
   952             0
   953             3
   954             1
   955             1
   956             1
   957             1
   958             2
   959             1
   960             1
   961             0
   962             2
   963             1
   964             1
   965             2
   966             2
   967             3
   968             1
   969             1
   970             2
   971             0
   972             0
   973             3
   974             4
   975             4
   976             2
   977             3
   978             0
   979             0
   980             0
   981             2
   982             2
   983             1
   984             5
   985             1
   986             1
   987             2
   988             0
   989             0
   990             0
   991             2
   992             2
   993             4
   994             3
   995             0
   996             2
   997             1
   998             1
   999             2
  1000             1
  1001             1
  1002             0
  1003             0
  1004             1
  1005             1
  1006             1
  1007             0
  1008             2
  1009             1
  1010             1
  1011             2
  1012             2
  1013             4
  1014             2
  1015             1
  1016             1
  1017             0
  1018             0
  1019             0
  1020             3
  1021             0
  1022             3
  1023             2
  1024             1
  1025             2
  1026             0
  1027             1
  1028             1
  1029             0
  1030             4
  1031             1
  1032             2
  1033             0
  1034             1
  1035             0
  1036             6
  1037             0
  1038             3
  1039             2
  1040             0
  1041             4
  1042             0
  1043             0
  1044             1
  1045             0
  1046             1
  1047             2
  1048             1
  1049             2
  1050             1
  1051             2
  1052             4
  1053             3
  1054             3
  1055             2
  1056             0
  1057             0
  1058             1
  1059             0
  1060             3
  1061             1
  1062             0
  1063             0
  1064             0
  1065             3
  1066             0
  1067             0
  1068             3
  1069             2
  1070             1
  1071             1
  1072             1
  1073             2
  1074             2
  1075             3
  1076             0
  1077             3
  1078             1
  1079             1
  1080             1
  1081             2
  1082             3
  1083             2
  1084             3
  1085             1
  1086             2
  1087             0
  1088             2
  1089             2
  1090             5
  1091             2
  1092             1
  1093             1
  1094             0
  1095             2
  1096             0
  1097             0
  1098             0
  1099             3
  1100             1
  1101             1
  1102             1
  1103             5
  1104             5
  1105             0
  1106             1
  1107             1
  1108             2
  1109             1
  1110             0
  1111             1
  1112             3
  1113             1
  1114             0
  1115             2
  1116             2
  1117             0
  1118             0
  1119             1
  1120             0
  1121             2
  1122             1
  1123             2
  1124             0
  1125             2
  1126             1
  1127             2
  1128             2
  1129             1
  1130             1
  1131             0
  1132             2
  1133             2
  1134             1
  1135             1
  1136             1
  1137             2
  1138             1
  1139             1
  1140             3
  1141             1
  1142             1
  1143             1
  1144             1
  1145             0
  1146             2
  1147             0
  1148             0
  1149             2
  1150             0
  1151             0
  1152             2
  1153             2
  1154             2
  1155             2
  1156             1
  1157             1
  1158             2
  1159             0
  1160             2
  1161             2
  1162             1
  1163             4
  1164             1
  1165             2
  1166             0
  1167             0
  1168             2
  1169             1
  1170             2
  1171             0
  1172             2
  1173             2
  1174             2
  1175             3
  1176             2
  1177             1
  1178             3
  1179             0
  1180             2
  1181             1
  1182             1
  1183             3
  1184             1
  1185             2
  1186             1
  1187             2
  1188             0
  1189             1
  1190             3
  1191             0
  1192             0
  1193             1
  1194             4
  1195             1
  1196             0
  1197             1
  1198             2
  1199             6
  1200             2
  1201             1
  1202             3
  1203             2
  1204             4
  1205             2
  1206             2
  1207             4
  1208             1
  1209             0
  1210             2
  1211             2
  1212             0
  1213             3
  1214             0
  1215             0
  1216             3
  1217             0
  1218             1
  1219             1
  1220             0
  1221             1
  1222             1
  1223             1
  1224             0
  1225             2
  1226             0
  1227             1
  1228             1
  1229             2
  1230             4
  1231             3
  1232             0
  1233             0
  1234             0
  1235             4
  1236             3
  1237             1
  1238             1
  1239             2
  1240             2
  1241             4
  1242             1
  1243             0
  1244             2
  1245             2
  1246             3
  1247             1
  1248             2
  1249             1
  1250             3
  1251             2
  1252             2
  1253             1
  1254             3
  1255             0
  1256             3
  1257             2
  1258             0
  1259             3
  1260             1
  1261             2
  1262             0
  1263             1
  1264             1
  1265             2
  1266             2
  1267             1
  1268             2
  1269             3
  1270             3
  1271             3
  1272             0
  1273             1
  1274             2
  1275             2
  1276             5
  1277             0
  1278             4
  1279             1
  1280             3
  1281             3
  1282             3
  1283             4
  1284             2
  1285             5
  1286             6
  1287             1
  1288             2
  1289             3
  1290             0
  1291             2
  1292             3
  1293             1
  1294             1
  1295             1
  1296             0
  1297             1
  1298             0
  1299             2
  1300             2
  1301             2
  1302             3
  1303             1
  1304             0
  1305             0
  1306             3
  1307             3
  1308             0
  1309             0
  1310             2
  1311             0
  1312             1
  1313             2
  1314             2
  1315             0
  1316             1
  1317             3
  1318             4
  1319             5
  1320             3
  1321             0
  1322             1
  1323             1
  1324             1
  1325             0
  1326             3
  1327             4
  1328             0
  1329             6
  1330             2
  1331             2
  1332             3
  1333             1
  1334             1
  1335             1
  1336             1
  1337             1
  1338             3
  1339             1
  1340             4
  1341             0
  1342             0
  1343             1
  1344             2
  1345             1
  1346             0
  1347             2
  1348             1
  1349             0
  1350             1
  1351             3
  1352             3
  1353             1
  1354             0
  1355             1
  1356             1
  1357             2
  1358             0
  1359             1
  1360             1
  1361             1
  1362             1
  1363             4
  1364             2
  1365             1
  1366             4
  1367             1
  1368             1
  1369             3
  1370             2
  1371             2
  1372             2
  1373             1
  1374             3
  1375             5
  1376             1
  1377             4
  1378             2
  1379             0
  1380             4
  1381             4
  1382             2
  1383             1
  1384             2
  1385             1
  1386             4
  1387             0
  1388             0
  1389             4
  1390             2
  1391             1
  1392             5
  1393             3
  1394             0
  1395             3
  1396             1
  1397             6
  1398             1
  1399             4
  1400             1
  1401             1
  1402             1
  1403             1
  1404             2
  1405             4
  1406             3
  1407             0
  1408             0
  1409             0
  1410             0
  1411             3
  1412             1
  1413             1
  1414             5
  1415             3
  1416             0
  1417             1
  1418             4
  1419             2
  1420             2
  1421             2
  1422             3
  1423             2
  1424             3
  1425             6
  1426             3
  1427             2
  1428             2
  1429             2
  1430             4
  1431             1
  1432             4
  1433             1
  1434             1
  1435             3
  1436             3
  1437             1
  1438             5
  1439             1
  1440             4
  1441             1
  1442             1
  1443             1
  1444             4
  1445             3
  1446             1
  1447             3
  1448             6
  1449             5
  1450             2
  1451             2
  1452             4
  1453             3
  1454             0
  1455             1
  1456             5
  1457             6
  1458             0
  1459             1
  1460             2
  1461             3
  1462             3
  1463             1
  1464             2
  1465             2
  1466             2
  1467             1
  1468             3
  1469             2
  1470             1
  1471             2
  1472             1
  1473             2
  1474             5
  1475             2
  1476             2
  1477             1
  1478             4
  1479             4
  1480             0
  1481             3
  1482             1
  1483             2
  1484             2
  1485             2
  1486             2
  1487             3
  1488             1
  1489             0
  1490             1
  1491             2
  1492             2
  1493             4
  1494             1
  1495             2
  1496             2
  1497             0
  1498             1
  1499             2
  1500             2
  1501             2
  1502             4
  1503             2
  1504             3
  1505             1
  1506             2
  1507             3
  1508             2
  1509             3
  1510             2
  1511             3
  1512             4
  1513             4
  1514             1
  1515             3
  1516             1
  1517             0
  1518             4
  1519             6
  1520             5
  1521             0
  1522             0
  1523             3
  1524             0
  1525             5
  1526             3
  1527             2
  1528             3
  1529             2
  1530             1
  1531             2
  1532             4
  1533             0
  1534             4
  1535             1
  1536             2
  1537             4
  1538             6
  1539             1
  1540             2
  1541             5
  1542             0
  1543             1
  1544             4
  1545             3
  1546             5
  1547             3
  1548             1
  1549             1
  1550             0
  1551             5
  1552             3
  1553             6
  1554             5
  1555             3
  1556             2
  1557             0
  1558             3
  1559             2
  1560             2
  1561             4
  1562             5
  1563             1
  1564             1
  1565             5
  1566             1
  1567             2
  1568             7
  1569             1
  1570             2
  1571             6
  1572             2
  1573             5
  1574             6
  1575             3
  1576             3
  1577             1
  1578             2
  1579             2
  1580             1
  1581             2
  1582             3
  1583             1
  1584             3
  1585             3
  1586             4
  1587             4
  1588             1
  1589             2
  1590             4
  1591             3
  1592             2
  1593             5
  1594             2
  1595             4
  1596             8
  1597             3
  1598             1
  1599             1
  1600             2
  1601             2
  1602             4
  1603             3
  1604             2
  1605             4
  1606             2
  1607             5
  1608             2
  1609             3
  1610             6
  1611             4
  1612             8
  1613             3
  1614             3
  1615             3
  1616             3
  1617             2
  1618             6
  1619             3
  1620             5
  1621             0
  1622             3
  1623             2
  1624             5
  1625             4
  1626             5
  1627             0
  1628             5
  1629             4
  1630             2
  1631             3
  1632             6
  1633             5
  1634             3
  1635             0
  1636             0
  1637             6
  1638             2
  1639             2
  1640             2
  1641             6
  1642             4
  1643             1
  1644             3
  1645             6
  1646             1
  1647             1
  1648             5
  1649             5
  1650             1
  1651             5
  1652             3
  1653             5
  1654             5
  1655             1
  1656             3
  1657             1
  1658             6
  1659             2
  1660             2
  1661             2
  1662             3
  1663             5
  1664             5
  1665             2
  1666             4
  1667             6
  1668             3
  1669             4
  1670             3
  1671             4
  1672             2
  1673             4
  1674             5
  1675             3
  1676             3
  1677             5
  1678             3
  1679             5
  1680             4
  1681             3
  1682             2
  1683             2
  1684             7
  1685             6
  1686             6
  1687             4
  1688             3
  1689             4
  1690             3
  1691             3
  1692             4
  1693             6
  1694             9
  1695             2
  1696             2
  1697             6
  1698             2
  1699             6
  1700             8
  1701             5
  1702             5
  1703             7
  1704            11
  1705             7
  1706             8
  1707             7
  1708             3
  1709             5
  1710             7
  1711            10
  1712             6
  1713             6
  1714             9
  1715             7
  1716             9
  1717             7
  1718             5
  1719             8
  1720             7
  1721             4
  1722             6
  1723            10
  1724             7
  1725             8
  1726             9
  1727             6
  1728             6
  1729             7
  1730            10
  1731            10
  1732             5
  1733            12
  1734             8
  1735             9
  1736             7
  1737             6
  1738            15
  1739            11
  1740             8
  1741            10
  1742            10
  1743             5
  1744             3
  1745            12
  1746             8
  1747            14
  1748             8
  1749            14
  1750            12
  1751            10
  1752            10
  1753            17
  1754             7
  1755            14
  1756            13
  1757             9
  1758            15
  1759            14
  1760            10
  1761            22
  1762            15
  1763            23
  1764            15
  1765            12
  1766            22
  1767            10
  1768            14
  1769            17
  1770            17
  1771            15
  1772            13
  1773            20
  1774            20
  1775            19
  1776            23
  1777            32
  1778            21
  1779            21
  1780            21
  1781            31
  1782            24
  1783            38
  1784            29
  1785            35
  1786            39
  1787            39
  1788            41
  1789            35
  1790            46
  1791            62
  1792            50
  1793            40
  1794            57
  1795            55
  1796            75
  1797            75
  1798            80
  1799            64
  1800            73
  1801            74
  1802            85
  1803            80
  1804            98
  1805            85
  1806            98
  1807           105
  1808           108
  1809           126
  1810           121
  1811           137
  1812           129
  1813           137
  1814           144
  1815           165
  1816           176
  1817           174
  1818           172
  1819           184
  1820           211
  1821           199
  1822           216
  1823           248
  1824           225
  1825           233
  1826           282
  1827           252
  1828           273
  1829           278
  1830           258
  1831           289
  1832           293
  1833           335
  1834           337
  1835           323
  1836           319
  1837           345
  1838           325
  1839           354
  1840           361
  1841           357
  1842           384
  1843           373
  1844           352
  1845           344
  1846           349
  1847           412
  1848           340
  1849           395
  1850           388
  1851           381
  1852           383
  1853           362
  1854           402
  1855           399
  1856           406
  1857           403
  1858           384
  1859           377
  1860           364
  1861           370
  1862           362
  1863           370
  1864           358
  1865           377
  1866           350
  1867           320
  1868           305
  1869           321
  1870           323
  1871           290
  1872           313
  1873           310
  1874           253
  1875           272
  1876           299
  1877           316
  1878           264
  1879           209
  1880           219
  1881           235
  1882           221
  1883           244
  1884           210
  1885           216
  1886           187
  1887           200
  1888           223
  1889           191
  1890           165
  1891           190
  1892           153
  1893           178
  1894           159
  1895           133
  1896           159
  1897           155
  1898           153
  1899           148
  1900           133
  1901           128
  1902           119
  1903           113
  1904           118
  1905           108
  1906           113
  1907           110
  1908            88
  1909            75
  1910            99
  1911            88
  1912            72
  1913            91
  1914            79
  1915            68
  1916            64
  1917            66
  1918            65
  1919            57
  1920            63
  1921            68
  1922            67
  1923            47
  1924            51
  1925            67
  1926            63
  1927            47
  1928            41
  1929            53
  1930            42
  1931            32
  1932            44
  1933            41
  1934            51
  1935            38
  1936            32
  1937            35
  1938            43
  1939            48
  1940            26
  1941            39
  1942            38
  1943            33
  1944            41
  1945            40
  1946            36
  1947            41
  1948            34
  1949            40
  1950            44
  1951            29
  1952            35
  1953            49
  1954            56
  1955            57
  1956            45
  1957            65
  1958            57
  1959            55
  1960            48
  1961            41
  1962            67
  1963            78
  1964            53
  1965            67
  1966            77
  1967            64
  1968            76
  1969            88
  1970            75
  1971            90
  1972            80
  1973            93
  1974            92
  1975           101
  1976           103
  1977            99
  1978           138
  1979           126
  1980           134
  1981           154
  1982           154
  1983           163
  1984           176
  1985           150
  1986           162
  1987           190
  1988           186
  1989           178
  1990           190
  1991           208
  1992           233
  1993           248
  1994           255
  1995           226
  1996           227
  1997           287
  1998           248
  1999           287
  2000           296
  2001           290
  2002           266
  2003           321
  2004           324
  2005           357
  2006           321
  2007           319
  2008           322
  2009           328
  2010           350
  2011           337
  2012           325
  2013           347
  2014           325
  2015           367
  2016           396
  2017           353
  2018           395
  2019           367
  2020           383
  2021           365
  2022           382
  2023           407
  2024           370
  2025           374
  2026           374
  2027           361
  2028           356
  2029           375
  2030           391
  2031           407
  2032           382
  2033           349
  2034           367
  2035           350
  2036           330
  2037           367
  2038           327
  2039           332
  2040           319
  2041           306
  2042           283
  2043           311
  2044           270
  2045           298
  2046           273
  2047           280
  2048           301
  2049           290
  2050           280
  2051           284
  2052           261
  2053           255
  2054           251
  2055           262
  2056           233
  2057           218
  2058           183
  2059           224
  2060           219
  2061           182
  2062           185
  2063           179
  2064           189
  2065           180
  2066           170
  2067           193
  2068           175
  2069           149
  2070           161
  2071           146
  2072           145
  2073           126
  2074           153
  2075           121
  2076           118
  2077           122
  2078           127
  2079           111
  2080           110
  2081           117
  2082           116
  2083            88
  2084           107
  2085            97
  2086           109
  2087           110
  2088           102
  2089            90
  2090            95
  2091            91
  2092            89
  2093            68
  2094            81
  2095            89
  2096            77
  2097            80
  2098            88
  2099            87
  2100            68
  2101            72
  2102            74
  2103            84
  2104            61
  2105            72
  2106            61
  2107            58
  2108            66
  2109            77
  2110            70
  2111            52
  2112            67
  2113            87
  2114            67
  2115            76
  2116            78
  2117            67
  2118            65
  2119            88
  2120            98
  2121            78
  2122            67
  2123            72
  2124            71
  2125            97
  2126            96
  2127            98
  2128            92
  2129           100
  2130            91
  2131           103
  2132           116
  2133            99
  2134           110
  2135           130
  2136           106
  2137           141
  2138           128
  2139           128
  2140           117
  2141           161
  2142           159
  2143           148
  2144           158
  2145           171
  2146           179
  2147           188
  2148           169
  2149           194
  2150           219
  2151           189
  2152           221
  2153           215
  2154           262
  2155           277
  2156           259
  2157           279
  2158           313
  2159           250
  2160           295
  2161           330
  2162           355
  2163           374
  2164           319
  2165           376
  2166           375
  2167           419
  2168           399
  2169           381
  2170           420
  2171           433
  2172           474
  2173           466
  2174           491
  2175           478
  2176           465
  2177           511
  2178           511
  2179           555
  2180           560
  2181           567
  2182           569
  2183           546
  2184           606
  2185           609
  2186           598
  2187           655
  2188           642
  2189           653
  2190           650
  2191           683
  2192           658
  2193           687
  2194           681
  2195           737
  2196           676
  2197           701
  2198           734
  2199           743
  2200           725
  2201           756
  2202           760
  2203           716
  2204           705
  2205           653
  2206           711
  2207           708
  2208           737
  2209           668
  2210           713
  2211           727
  2212           733
  2213           693
  2214           682
  2215           681
  2216           678
  2217           675
  2218           611
  2219           626
  2220           664
  2221           608
  2222           620
  2223           589
  2224           598
  2225           591
  2226           594
  2227           553
  2228           565
  2229           533
  2230           547
  2231           506
  2232           487
  2233           480
  2234           477
  2235           483
  2236           437
  2237           449
  2238           439
  2239           421
  2240           386
  2241           398
  2242           376
  2243           361
  2244           355
  2245           362
  2246           347
  2247           354
  2248           298
  2249           312
  2250           282
  2251           258
  2252           267
  2253           254
  2254           265
  2255           231
  2256           224
  2257           207
  2258           201
  2259           241
  2260           206
  2261           190
  2262           152
  2263           152
  2264           155
  2265           159
  2266           143
  2267           130
  2268           141
  2269           128
  2270           141
  2271           112
  2272           112
  2273           103
  2274           104
  2275            96
  2276            93
  2277            85
  2278            76
  2279            91
  2280            93
  2281            68
  2282            71
  2283            84
  2284            63
  2285            69
  2286            58
  2287            61
  2288            61
  2289            63
  2290            68
  2291            55
  2292            60
  2293            48
  2294            45
  2295            45
  2296            53
  2297            34
  2298            50
  2299            50
  2300            61
  2301            44
  2302            50
  2303            39
  2304            36
  2305            38
  2306            39
  2307            46
  2308            38
  2309            35
  2310            31
  2311            30
  2312            45
  2313            37
  2314            33
  2315            37
  2316            30
  2317            29
  2318            25
  2319            32
  2320            25
  2321            26
  2322            31
  2323            32
  2324            19
  2325            31
  2326            23
  2327            22
  2328            28
  2329            24
  2330            33
  2331            24
  2332            28
  2333            22
  2334            30
  2335            19
  2336            23
  2337            19
  2338            16
  2339            18
  2340            25
  2341            19
  2342            20
  2343            13
  2344            15
  2345            13
  2346            17
  2347            13
  2348            13
  2349            14
  2350            22
  2351            19
  2352            21
  2353            16
  2354            14
  2355             9
  2356            18
  2357            15
  2358             8
  2359             8
  2360            13
  2361            12
  2362             7
  2363            10
  2364            14
  2365            10
  2366             4
  2367             9
  2368             9
  2369             6
  2370             7
  2371            14
  2372            10
  2373             7
  2374            13
  2375             9
  2376             4
  2377            13
  2378             8
  2379             7
  2380             6
  2381             3
  2382             3
  2383             4
  2384            12
  2385             4
  2386            10
  2387             1
  2388             5
  2389             7
  2390             4
  2391             5
  2392             4
  2393             5
  2394             5
  2395             7
  2396             2
  2397             7
  2398             3
  2399             5
  2400             2
  2401             3
  2402             4
  2403             2
  2404             4
  2405             1
  2406             5
  2407             4
  2408             1
  2409             4
  2410             2
  2411             0
  2412             5
  2413             3
  2414             2
  2415             4
  2416             2
  2417             3
  2418             2
  2419             3
  2420             4
  2421             2
  2422             0
  2423             4
  2424             0
  2425             2
  2426             1
  2427             3
  2428             5
  2429             1
  2430             1
  2431             0
  2432             1
  2433             1
  2434             2
  2435             2
  2436             0
  2437             0
  2438             0
  2439             2
  2440             0
  2441             1
  2442             1
  2443             3
  2444             3
  2445             2
  2446             0
  2447             1
  2448             1
  2449             2
  2450             2
  2451             0
  2452             4
  2453             0
  2454             2
  2455             2
  2456             4
  2457             3
  2458             2
  2459             2
  2460             1
  2461             3
  2462             4
  2463             1
  2464             2
  2465             2
  2466             1
  2467             2
  2468             3
  2469             1
  2470             3
  2471             0
  2472             2
  2473             4
  2474             5
  2475             2
  2476             2
  2477             4
  2478             2
  2479             1
  2480             3
  2481             6
  2482             2
  2483             3
  2484             6
  2485             6
  2486             3
  2487             3
  2488             5
  2489             5
  2490             4
  2491             5
  2492             4
  2493            11
  2494             3
  2495             7
  2496             3
  2497            10
  2498             3
  2499            11
  2500             5
  2501             8
  2502             3
  2503             7
  2504             5
  2505             2
  2506             3
  2507             1
  2508             8
  2509             5
  2510             3
  2511            13
  2512             6
  2513             4
  2514             4
  2515             4
  2516             6
  2517             7
  2518             8
  2519             9
  2520             3
  2521             4
  2522             7
  2523             7
  2524            10
  2525             9
  2526             5
  2527             3
  2528             2
  2529             5
  2530             4
  2531             3
  2532             8
  2533             2
  2534             9
  2535             7
  2536             6
  2537             4
  2538             6
  2539             7
  2540             3
  2541             3
  2542            10
  2543             4
  2544             4
  2545             4
  2546             8
  2547             7
  2548             0
  2549             3
  2550             7
  2551             3
  2552             4
  2553             3
  2554             3
  2555             4
  2556             3
  2557             7
  2558             2
  2559             3
  2560             4
  2561             4
  2562             2
  2563             9
  2564             4
  2565             4
  2566             2
  2567             5
  2568             3
  2569             3
  2570             2
  2571             4
  2572             4
  2573             5
  2574             7
  2575             2
  2576             6
  2577             8
  2578             5
  2579             3
  2580             6
  2581             2
  2582             3
  2583             3
  2584             4
  2585            11
  2586             4
  2587             4
  2588             5
  2589             4
  2590             4
  2591             6
  2592             6
  2593             8
  2594            13
  2595             7
  2596            10
  2597             8
  2598             9
  2599            14
  2600            10
  2601             7
  2602             6
  2603            15
  2604             5
  2605            12
  2606            11
  2607             9
  2608            10
  2609            17
  2610            11
  2611            15
  2612            16
  2613            19
  2614            11
  2615            13
  2616            17
  2617            14
  2618            17
  2619            17
  2620            12
  2621            17
  2622            15
  2623            15
  2624            18
  2625            20
  2626            19
  2627            19
  2628            18
  2629            21
  2630            16
  2631            18
  2632            32
  2633            21
  2634            23
  2635            21
  2636            16
  2637            17
  2638            27
  2639            18
  2640            17
  2641            18
  2642            16
  2643            19
  2644            16
  2645            18
  2646            13
  2647            16
  2648            26
  2649            12
  2650            20
  2651            18
  2652            13
  2653            22
  2654            26
  2655            13
  2656            24
  2657            17
  2658            16
  2659            16
  2660             9
  2661            18
  2662            17
  2663            10
  2664            22
  2665            16
  2666             8
  2667            12
  2668            18
  2669            11
  2670            15
  2671            10
  2672            14
  2673            12
  2674            11
  2675            10
  2676            11
  2677             9
  2678             4
  2679            11
  2680             6
  2681             8
  2682             6
  2683             8
  2684             7
  2685            10
  2686            12
  2687             7
  2688             7
  2689             6
  2690            10
  2691             5
  2692             3
  2693             6
  2694             3
  2695             4
  2696             4
  2697             4
  2698             5
  2699             5
  2700             1
  2701             2
  2702             1
  2703             0
  2704             2
  2705             2
  2706             1
  2707             1
  2708             2
  2709             1
  2710             2
  2711             3
  2712             0
  2713             2
  2714             3
  2715             1
  2716             0
  2717             2
  2718             0
  2719             1
  2720             0
  2721             0
  2722             1
  2723             0
  2724             2
  2725             0
  2726             2
  2727             1
  2728             0
  2729             1
  2730             0
  2731             0
  2732             0
  2733             0
  2734             0
  2735             2
  2736             0
  2737             1
  2738             1
  2739             0
  2740             2
  2741             1
  2742             2
  2743             1
  2744             1
  2745             0
  2746             0
  2747             1
  2748             0
  2749             1
  2750             0
  2751             1
  2752             0
  2753             0
  2754             1
  2755             0
  2756             0
  2757             0
  2758             1
  2759             0
  2760             1
  2761             0
  2762             1
  2763             1
  2764             0
  2765             1
  2766             2
  2767             1
  2768             0
  2769             0
  2770             1
  2771             0
  2772             0
  2773             0
  2774             1
  2775             1
  2776             1
  2777             1
  2778             0
  2779             1
  2780             0
  2781             2
  2782             0
  2783             0
  2784             0
  2785             1
  2786             0
  2787             1
  2788             0
  2789             0
  2790             0
  2791             2
  2792             0
  2793             1
  2794             0
  2795             0
  2796             0
  2797             0
  2798             0
  2799             0
  2800             0
  2801             0
  2802             0
  2803             0
  2804             2
  2805             1
  2806             1
  2807             0
  2808             3
  2809             1
  2810             4
  2811             1
  2812             1
  2813             2
  2814             1
  2815             0
  2816             1
  2817             0
  2818             1
  2819             1
  2820             0
  2821             1
  2822             2
  2823             2
  2824             1
  2825             0
  2826             1
  2827             1
  2828             0
  2829             2
  2830             1
  2831             3
  2832             2
  2833             3
  2834             3
  2835             1
  2836             1
  2837             1
  2838             2
  2839             2
  2840             5
  2841             5
  2842             3
  2843             2
  2844             9
  2845             1
  2846             6
  2847             5
  2848             5
  2849             2
  2850             4
  2851             5
  2852             6
  2853             8
  2854             7
  2855             7
  2856             9
  2857             7
  2858             7
  2859             7
  2860            10
  2861            11
  2862             6
  2863            12
  2864            15
  2865            11
  2866            11
  2867            12
  2868             8
  2869            10
  2870             7
  2871            17
  2872            16
  2873            16
  2874            19
  2875            16
  2876            17
  2877            13
  2878            25
  2879            17
  2880            15
  2881            12
  2882            10
  2883            19
  2884            16
  2885            18
  2886            14
  2887            24
  2888            22
  2889            17
  2890            15
  2891            10
  2892            25
  2893            18
  2894            16
  2895            25
  2896            18
  2897            16
  2898            15
  2899            27
  2900            24
  2901            19
  2902            30
  2903            24
  2904            20
  2905            13
  2906            23
  2907            18
  2908            24
  2909            18
  2910            22
  2911            12
  2912            22
  2913            21
  2914            17
  2915            13
  2916            19
  2917            17
  2918            14
  2919            17
  2920            10
  2921            20
  2922            10
  2923            17
  2924            10
  2925            18
  2926            11
  2927            13
  2928            16
  2929            11
  2930             8
  2931             7
  2932            14
  2933             8
  2934             9
  2935             4
  2936             9
  2937             6
  2938             8
  2939            12
  2940             8
  2941             6
  2942             5
  2943             5
  2944             5
  2945             6
  2946             3
  2947             2
  2948             2
  2949             1
  2950             1
  2951             4
  2952             2
  2953             2
  2954             3
  2955             2
  2956             2
  2957             2
  2958             3
  2959             3
  2960             2
  2961             3
  2962             1
  2963             0
  2964             1
  2965             1
  2966             0
  2967             0
  2968             1
  2969             0
  2970             2
  2971             0
  2972             1
  2973             0
  2974             2
  2975             1
  2976             0
  2977             1
  2978             2
  2979             1
  2980             1
  2981             0
  2982             1
  2983             1
  2984             0
  2985             0
  2986             2
  2987             0
  2988             1
  2989             0
  2990             0
  2991             0
  2992             0
  2993             2
  2994             1
  2995             1
  2996             0
  2997             1
  2998             1
  2999             2
  3000             1
  3001             0
  3002             0
  3003             0
  3004             2
  3005             0
  3006             2
  3007             3
  3008             3
  3009             0
  3010             1
  3011             0
  3012             0
  3013             3
  3014             1
  3015             1
  3016             1
  3017             0
  3018             0
  3019             2
  3020             0
  3021             3
  3022             0
  3023             3
  3024             2
  3025             2
  3026             4
  3027             1
  3028             0
  3029             3
  3030             1
  3031             2
  3032             4
  3033             4
  3034             1
  3035             1
  3036             1
  3037             2
  3038             3
  3039             5
  3040             1
  3041             2
  3042             3
  3043             0
  3044             3
  3045             2
  3046             0
  3047             1
  3048             2
  3049             0
  3050             4
  3051             2
  3052             3
  3053             1
  3054             1
  3055             1
  3056             3
  3057             2
  3058             1
  3059             3
  3060             4
  3061             4
  3062             2
  3063             3
  3064             1
  3065             0
  3066             2
  3067             2
  3068             0
  3069             3
  3070             1
  3071             3
  3072             1
  3073             3
  3074             2
  3075             1
  3076             0
  3077             1
  3078             2
  3079             4
  3080             0
  3081             1
  3082             1
  3083             0
  3084             1
  3085             1
  3086             2
  3087             0
  3088             0
  3089             1
  3090             0
  3091             1
  3092             1
  3093             2
  3094             0
  3095             2
  3096             0
  3097             1
  3098             0
  3099             0
  3100             1
  3101             0
  3102             0
  3103             0
  3104             0
  3105             0
  3106             0
  3107             0
  3108             2
  3109             0
  3110             1
  3111             1
  3112             0
  3113             1
  3114             0
  3115             0
  3116             0
  3117             0
  3118             1
  3119             1
  3120             0
  3121             1
  3122             0
  3123             0
  3124             0
  3125             2
  3126             1
  3127             0
  3128             0
  3129             0
  3130             0
  3131             0
  3132             0
  3133             0
  3134             0
  3135             1
  3136             0
  3137             0
  3138             0
  3139             0
  3140             0
  3141             0
  3142             0
  3143             0
  3144             0
  3145             0
  3146             1
  3147             0
  3148             1
  3149             0
  3150             0
  3151             0
  3152             0
  3153             0
  3154             1
  3155             0
  3156             0
  3157             0
  3158             0
  3159             1
  3160             0
  3161             1
  3162             0
  3163             0
  3164             1
  3165             0
  3166             0
  3167             0
  3168             1
  3169             1
  3170             0
  3171             0
  3172             0
  3173             0
  3174             0
  3175             0
  3176             0
  3177             0
  3178             0
  3179             1
  3180             1
  3181             0
  3182             0
  3183             0
  3184             0
  3185             0
  3186             1
  3187             1
  3188             0
  3189             1
  3190             0
  3191             0
  3192             0
  3193             0
  3194             0
  3195             0
  3196             0
  3197             0
  3198             1
  3199             1
  3200             1
  3201             0
  3202             0
  3203             0
  3204             0
  3205             1
  3206             0
  3207             1
  3208             0
  3209             1
  3210             0
  3211             0
  3212             0
  3213             0
  3214             0
  3215             0
  3216             0
  3217             1
  3218             0
  3219             0
  3220             0
  3221             0
  3222             0
  3223             0
  3224             0
  3225             1
  3226             0
  3227             0
  3228             1
  3229             1
  3230             0
  3231             0
  3232             0
  3233             0
  3234             0
  3235             0
  3236             1
  3237             0
  3238             1
  3239             0
  3240             1
  3241             0
  3242             0
  3243             0
  3244             0
  3245             0
  3246             1
  3247             0
  3248             0
  3249             0
  3250             0
  3251             0
  3252             1
  3253             1
  3254             1
  3255             0
  3256             0
  3257             2
  3258             0
  3259             0
  3260             0
  3261             0
  3262             0
  3263             0
  3264             1
  3265             0
  3266             0
  3267             0
  3268             0
  3269             0
  3270             0
  3271             0
  3272             0
  3273             0
  3274             1
  3275             1
  3276             0
  3277             0
  3278             0
  3279             1
  3280             0
  3281             0
  3282             1
  3283             0
  3284             0
  3285             0
  3286             0
  3287             0
  3288             0
  3289             0
  3290             0
  3291             0
  3292             0
  3293             0
  3294             1
  3295             0
  3296             0
  3297             0
  3298             0
  3299             0
  3300             0
  3301             0
  3302             0
  3303             0
  3304             0
  3305             0
  3306             1
  3307             0
  3308             0
  3309             0
  3310             0
  3311             1
  3312             0
  3313             0
  3314             0
  3315             0
  3316             0
  3317             3
  3318             0
  3319             0
  3320             0
  3321             1
  3322             0
  3323             0
  3324             0
  3325             0
  3326             0
  3327             0
  3328             0
  3329             0
  3330             0
  3331             0
  3332             1
  3333             0
  3334             0
  3335             2
  3336             1
  3337             0
  3338             0
  3339             0
  3340             0
  3341             1
  3342             0
  3343             0
  3344             0
  3345             0
  3346             2
  3347             0
  3348             0
  3349             1
  3350             0
  3351             0
  3352             0
  3353             0
  3354             0
  3355             0
  3356             0
  3357             0
  3358             0
  3359             0
  3360             0
  3361             0
  3362             0
  3363             1
  3364             0
  3365             0
  3366             0
  3367             0
  3368             0
  3369             0
  3370             0
  3371             1
  3372             0
  3373             0
  3374             0
  3375             0
  3376             0
  3377             0
  3378             0
  3379             0
  3380             0
  3381             0
  3382             2
  3383             0
  3384             0
  3385             0
  3386             0
  3387             0
  3388             1
  3389             1
  3390             0
  3391             0
  3392             1
  3393             0
  3394             0
  3395             0
  3396             0
  3397             0
  3398             0
  3399             0
  3400             0
  3401             0
  3402             0
  3403             0
  3404             0
  3405             0
  3406             0
  3407             0
  3408             0
  3409             0
  3410             0
  3411             0
  3412             1
  3413             0
  3414             1
  3415             0
  3416             0
  3417             1
  3418             0
  3419             0
  3420             0
  3421             0
  3422             1
  3423             0
  3424             0
  3425             0
  3426             0
  3427             0
  3428             0
  3429             1
  3430             2
  3431             0
  3432             0
  3433             0
  3434             0
  3435             0
  3436             0
  3437             0
  3438             1
  3439             0
  3440             2
  3441             0
  3442             0
  3443             0
  3444             0
  3445             0
  3446             0
  3447             0
  3448             0
  3449             0
  3450             0
  3451             0
  3452             0
  3453             0
  3454             0
  3455             0
  3456             0
  3457             0
  3458             0
  3459             1
  3460             0
  3461             1
  3462             0
  3463             0
  3464             0
  3465             1
  3466             0
  3467             2
  3468             0
  3469             0
  3470             0
  3471             0
  3472             0
  3473             0
  3474             0
  3475             0
  3476             0
  3477             1
  3478             0
  3479             0
  3480             0
  3481             0
  3482             0
  3483             1
  3484             0
  3485             1
  3486             0
  3487             0
  3488             0
  3489             0
  3490             0
  3491             0
  3492             0
  3493             0
  3494             0
  3495             0
  3496             0
  3497             0
  3498             0
  3499             1
  3500             2
  3501             0
  3502             0
  3503             0
  3504             0
  3505             0
  3506             0
  3507             0
  3508             0
  3509             1
  3510             0
  3511             0
  3512             0
  3513             0
  3514             0
  3515             0
  3516             0
  3517             0
  3518             1
  3519             1
  3520             1
  3521             0
  3522             0
  3523             1
  3524             0
  3525             0
  3526             0
  3527             0
  3528             0
  3529             2
  3530             0
  3531             0
  3532             0
  3533             1
  3534             0
  3535             1
  3536             0
  3537             0
  3538             0
  3539             0
  3540             0
  3541             0
  3542             0
  3543             1
  3544             0
  3545             1
  3546             0
  3547             0
  3548             0
  3549             0
  3550             0
  3551             0
  3552             0
  3553             0
  3554             0
  3555             1
  3556             0
  3557             0
  3558             0
  3559             1
  3560             1
  3561             0
  3562             0
  3563             0
  3564             0
  3565             0
  3566             0
  3567             1
  3568             1
  3569             0
  3570             0
  3571             0
  3572             0
  3573             0
  3574             0
  3575             0
  3576             1
  3577             0
  3578             0
  3579             0
  3580             0
  3581             1
  3582             0
  3583             0
  3584             0
  3585             1
  3586             0
  3587             0
  3588             0
  3589             1
  3590             0
  3591             0
  3592             0
  3593             0
  3594             0
  3595             0
  3596             0
  3597             0
  3598             0
  3599             0
  3600             0
  3601             0
  3602             0
  3603             1
  3604             0
  3605             1
  3606             0
  3607             0
  3608             2
  3609             1
  3610             0
  3611             0
  3612             0
  3613             1
  3614             0
  3615             1
  3616             1
  3617             0
  3618             0
  3619             0
  3620             3
  3621             1
  3622             0
  3623             0
  3624             1
  3625             0
  3626             0
  3627             0
  3628             2
  3629             0
  3630             0
  3631             0
  3632             3
  3633             0
  3634             1
  3635             4
  3636             1
  3637             1
  3638             2
  3639             2
  3640             3
  3641             0
  3642             1
  3643             4
  3644             2
  3645             2
  3646             3
  3647             1
  3648             2
  3649             3
  3650             3
  3651             4
  3652             3
  3653             2
  3654             2
  3655             1
  3656             1
  3657             4
  3658             2
  3659             1
  3660             4
  3661             2
  3662             1
  3663             2
  3664             6
  3665             0
  3666             3
  3667             5
  3668             1
  3669             4
  3670             1
  3671             2
  3672             7
  3673             1
  3674             1
  3675             6
  3676             3
  3677             4
  3678             5
  3679             1
  3680             1
  3681             2
  3682             2
  3683             1
  3684             0
  3685             3
  3686             1
  3687             2
  3688             0
  3689             1
  3690             0
  3691             1
  3692             2
  3693             2
  3694             2
  3695             2
  3696             4
  3697             2
  3698             0
  3699             1
  3700             0
  3701             0
  3702             0
  3703             1
  3704             0
  3705             1
  3706             1
  3707             0
  3708             0
  3709             0
  3710             0
  3711             1
  3712             1
  3713             1
  3714             0
  3715             0
  3716             0
  3717             0
  3718             2
  3719             1
  3720             0
  3721             2
  3722             1
  3723             0
  3724             1
  3725             0
  3726             0
  3727             0
  3728             2
  3729             0
  3730             0
  3731             1
  3732             1
  3733             0
  3734             0
  3735             1
  3736             0
  3737             0
  3738             0
  3739             0
  3740             1
  3741             0
  3742             0
  3743             0
  3744             2
  3745             1
  3746             1
  3747             1
  3748             1
  3749             1
  3750             1
  3751             1
  3752             0
  3753             2
  3754             2
  3755             0
  3756             0
  3757             2
  3758             1
  3759             1
  3760             0
  3761             0
  3762             1
  3763             1
  3764             3
  3765             1
  3766             0
  3767             0
  3768             1
  3769             2
  3770             3
  3771             2
  3772             1
  3773             1
  3774             2
  3775             1
  3776             2
  3777             0
  3778             1
  3779             0
  3780             3
  3781             1
  3782             4
  3783             3
  3784             0
  3785             2
  3786             1
  3787             0
  3788             3
  3789             5
  3790             2
  3791             6
  3792             6
  3793             3
  3794             3
  3795             1
  3796             2
  3797             1
  3798             2
  3799             4
  3800             5
  3801             4
  3802             9
  3803             6
  3804             3
  3805             5
  3806             7
  3807             6
  3808             3
  3809             5
  3810             5
  3811            10
  3812             6
  3813             6
  3814            12
  3815             6
  3816            12
  3817             7
  3818            12
  3819             8
  3820             9
  3821             9
  3822             9
  3823            11
  3824            15
  3825             9
  3826             7
  3827            15
  3828            11
  3829             4
  3830            10
  3831            13
  3832             7
  3833            12
  3834            19
  3835            15
  3836            13
  3837             8
  3838            15
  3839            17
  3840            18
  3841            12
  3842            12
  3843            15
  3844            10
  3845            16
  3846            14
  3847            14
  3848            18
  3849            17
  3850            10
  3851            19
  3852            21
  3853             9
  3854            10
  3855            11
  3856            10
  3857             9
  3858            14
  3859             7
  3860            12
  3861            11
  3862            14
  3863             9
  3864            13
  3865            10
  3866             7
  3867             7
  3868             3
  3869            10
  3870             4
  3871             3
  3872             7
  3873             6
  3874             4
  3875             3
  3876             1
  3877             7
  3878             2
  3879             4
  3880             3
  3881             3
  3882             2
  3883             2
  3884             1
  3885             1
  3886             0
  3887             3
  3888             2
  3889             0
  3890             3
  3891             2
  3892             2
  3893             0
  3894             2
  3895             1
  3896             0
  3897             0
  3898             0
  3899             1
  3900             1
  3901             0
  3902             0
  3903             1
  3904             1
  3905             0
  3906             0
  3907             1
  3908             1
  3909             1
  3910             1
  3911             0
  3912             0
  3913             1
  3914             1
  3915             1
  3916             2
  3917             0
  3918             1
  3919             0
  3920             0
  3921             0
  3922             0
  3923             0
  3924             0
  3925             0
  3926             1
  3927             1
  3928             0
  3929             0
  3930             1
  3931             0
  3932             0
  3933             0
  3934             0
  3935             0
  3936             0
  3937             0
  3938             1
  3939             0
  3940             1
  3941             1
  3942             0
  3943             2
  3944             0
  3945             0
  3946             0
  3947             0
  3948             0
  3949             0
  3950             0
  3951             1
  3952             0
  3953             1
  3954             0
  3955             0
  3956             0
  3957             0
  3958             0
  3959             0
  3960             0
  3961             0
  3962             0
  3963             0
  3964             0
  3965             0
  3966             0
  3967             0
  3968             0
  3969             0
  3970             0
  3971             0
  3972             0
  3973             1
  3974             0
  3975             0
  3976             0
  3977             0
  3978             0
  3979             0
  3980             1
  3981             0
  3982             0
  3983             2
  3984             0
  3985             0
  3986             0
  3987             0
  3988             0
  3989             0
  3990             0
  3991             0
  3992             0
  3993             1
  3994             1
  3995             0
  3996             0
  3997             0
  3998             0
  3999             0
  4000             0
  4001             0
  4002             0
  4003             1
  4004             0
  4005             0
  4006             1
  4007             1
  4008             1
  4009             0
  4010             0
  4011             0
  4012             1
  4013             0
  4014             0
  4015             0
  4016             0
  4017             0
  4018             0
  4019             1
  4020             0
  4021             2
  4022             0
  4023             1
  4024             0
  4025             0
  4026             1
  4027             0
  4028             0
  4029             0
  4030             0
  4031             0
  4032             1
  4033             0
  4034             0
  4035             0
  4036             0
  4037             0
  4038             0
  4039             0
  4040             0
  4041             0
  4042             1
  4043             0
  4044             0
  4045             0
  4046             1
  4047             0
  4048             0
  4049             0
  4050             0
  4051             0
  4052             0
  4053             0
  4054             0
  4055             0
  4056             0
  4057             0
  4058             1
  4059             0
  4060             0
  4061             0
  4062             0
  4063             0
  4064             0
  4065             0
  4066             0
  4067             0
  4068             0
  4069             0
  4070             0
  4071             2
  4072             0
  4073             0
  4074             0
  4075             0
  4076             0
  4077             0
  4078             0
  4079             0
  4080             0
  4081             0
  4082             0
  4083             0
  4084             0
  4085             1
  4086             0
  4087             0
  4088             1
  4089             1
  4090             0
  4091             0
  4092             0
  4093             0
  4094             0
  4095             0
