     0             0
     1             0
     2             0
     3             0
     4             0
     5             0
     6             0
     7             0
     8             0
     9             0
    10             0
    11             0
    12             0
    13             0
    14             0
    15             0
    16             0
    17             0
    18             0
    19             0
    20             0
    21             0
    22             0
    23             0
    24             0
    25             0
    26             0
    27             0
    28             0
    29             0
    30             0
    31             0
    32             0
    33             0
    34             0
    35             0
    36             0
    37             0
    38             0
    39             0
    40             0
    41             0
    42             0
    43             0
    44             0
    45             0
    46             6
    47            11
    48            11
    49             4
    50             2
    51             0
    52             1
    53             0
    54             0
    55             0
    56             0
    57             0
    58             0
    59             0
    60             0
    61             0
    62             0
    63             0
    64             0
    65             0
    66             0
    67             0
    68             0
    69             0
    70             0
    71             0
    72             0
    73             0
    74             0
    75             0
    76             0
    77             0
    78             0
    79             0
    80             0
    81             0
    82             0
    83             0
    84             0
    85             0
    86             0
    87             0
    88             0
    89             0
    90             0
    91             0
    92             0
    93             0
    94             0
    95             0
    96             0
    97             0
    98             0
    99             0
   100             0
   101             0
   102             0
   103             0
   104             0
   105             0
   106             0
   107             0
   108             0
   109             0
   110             0
   111             0
   112             0
   113             0
   114             0
   115             0
   116             3
   117             6
   118            10
   119             8
   120            23
   121            23
   122            24
   123            45
   124            53
   125            84
   126           103
   127           113
   128           161
   129           197
   130           207
   131           244
   132           246
   133           293
   134           249
   135           271
   136           276
   137           322
   138           283
   139           274
   140           264
   141           245
   142           225
   143           190
   144           165
   145           149
   146           143
   147           125
   148            92
   149            90
   150            73
   151            63
   152            62
   153            39
   154            58
   155            42
   156            37
   157            26
   158            20
   159            24
   160            21
   161            30
   162            42
   163            39
   164            35
   165            27
   166            30
   167            23
   168            25
   169            18
   170            16
   171            18
   172            19
   173            11
   174            10
   175            14
   176            13
   177            12
   178            15
   179            11
   180            18
   181             5
   182            15
   183            13
   184            10
   185             7
   186            14
   187             6
   188             5
   189            11
   190            13
   191             8
   192            10
   193             7
   194             4
   195             8
   196            13
   197             8
   198             6
   199             6
   200             5
   201             4
   202            11
   203             8
   204             7
   205             7
   206             4
   207             5
   208             3
   209             4
   210             7
   211             6
   212             4
   213             4
   214             2
   215             1
   216             4
   217             4
   218             7
   219             3
   220             5
   221             3
   222             3
   223             6
   224             4
   225             4
   226             2
   227             3
   228             4
   229             3
   230             3
   231             1
   232             6
   233             1
   234             3
   235             4
   236             1
   237             2
   238             5
   239             3
   240             2
   241             4
   242             3
   243             4
   244             3
   245             1
   246             3
   247             2
   248             3
   249             1
   250             3
   251             5
   252             4
   253             3
   254             1
   255             5
   256             1
   257             3
   258             5
   259             4
   260             3
   261             3
   262             2
   263             3
   264             4
   265             5
   266             0
   267             1
   268             3
   269             3
   270             1
   271             3
   272             1
   273             0
   274             3
   275             3
   276             1
   277             0
   278             1
   279             1
   280             3
   281             3
   282             2
   283             1
   284             1
   285             3
   286             3
   287             2
   288             4
   289             1
   290             3
   291             1
   292             2
   293             2
   294             0
   295             2
   296             4
   297             1
   298             2
   299             1
   300             1
   301             3
   302             0
   303             2
   304             1
   305             0
   306             2
   307             1
   308             1
   309             0
   310             0
   311             1
   312             1
   313             0
   314             1
   315             2
   316             1
   317             1
   318             2
   319             2
   320             2
   321             3
   322             1
   323             3
   324             0
   325             2
   326             2
   327             0
   328             2
   329             1
   330             2
   331             1
   332             0
   333             0
   334             0
   335             1
   336             2
   337             3
   338             1
   339             2
   340             2
   341             3
   342             1
   343             2
   344             2
   345             0
   346             0
   347             1
   348             0
   349             4
   350             1
   351             0
   352             2
   353             3
   354             2
   355             2
   356             2
   357             2
   358             2
   359             1
   360             2
   361             2
   362             1
   363             1
   364             0
   365             2
   366             1
   367             3
   368             2
   369             1
   370             3
   371             2
   372             0
   373             1
   374             3
   375             2
   376             3
   377             0
   378             3
   379             4
   380             3
   381             3
   382             3
   383             2
   384             1
   385             7
   386             1
   387             3
   388             5
   389             3
   390             1
   391             3
   392             5
   393             0
   394             3
   395             3
   396             4
   397             1
   398             5
   399             4
   400             4
   401             6
   402             4
   403             4
   404             3
   405             2
   406             6
   407             3
   408             6
   409             4
   410            10
   411             5
   412             5
   413             5
   414             4
   415             8
   416             6
   417             4
   418             7
   419             8
   420             6
   421             5
   422             5
   423             3
   424             5
   425             7
   426             4
   427             5
   428             7
   429             6
   430             8
   431             3
   432             4
   433             6
   434             5
   435             5
   436             7
   437             6
   438             6
   439            11
   440             7
   441             9
   442             6
   443            10
   444             5
   445             7
   446             3
   447             8
   448             9
   449             5
   450             8
   451            10
   452            13
   453             9
   454            11
   455             9
   456             7
   457            12
   458             5
   459            15
   460             8
   461             9
   462            14
   463            12
   464             5
   465            14
   466            17
   467            13
   468            13
   469            18
   470            16
   471            16
   472            28
   473            24
   474            27
   475            29
   476            31
   477            35
   478            49
   479            38
   480            54
   481            47
   482            63
   483            73
   484            84
   485            84
   486            97
   487            97
   488           109
   489           145
   490           164
   491           176
   492           147
   493           175
   494           202
   495           216
   496           256
   497           289
   498           296
   499           336
   500           334
   501           375
   502           386
   503           384
   504           378
   505           450
   506           433
   507           497
   508           562
   509           533
   510           584
   511           509
   512           516
   513           615
   514           610
   515           613
   516           594
   517           588
   518           662
   519           615
   520           610
   521           632
   522           635
   523           660
   524           582
   525           589
   526           535
   527           575
   528           546
   529           501
   530           501
   531           491
   532           454
   533           432
   534           411
   535           362
   536           380
   537           330
   538           322
   539           286
   540           257
   541           244
   542           230
   543           231
   544           189
   545           157
   546           173
   547           149
   548           138
   549           103
   550           130
   551            82
   552            84
   553            71
   554            55
   555            48
   556            53
   557            47
   558            38
   559            37
   560            23
   561            23
   562            26
   563            15
   564            15
   565            15
   566            12
   567             7
   568             9
   569             9
   570             5
   571             4
   572             5
   573             8
   574             1
   575             4
   576             2
   577             3
   578             2
   579             3
   580             1
   581             2
   582             1
   583             0
   584             0
   585             2
   586             0
   587             1
   588             1
   589             0
   590             0
   591             0
   592             1
   593             0
   594             1
   595             0
   596             1
   597             1
   598             2
   599             1
   600             0
   601             2
   602             1
   603             1
   604             1
   605             1
   606             1
   607             1
   608             0
   609             1
   610             2
   611             0
   612             1
   613             0
   614             0
   615             0
   616             1
   617             3
   618             1
   619             2
   620             1
   621             0
   622             1
   623             1
   624             1
   625             1
   626             1
   627             5
   628             2
   629             0
   630             1
   631             1
   632             0
   633             3
   634             2
   635             1
   636             0
   637             3
   638             0
   639             2
   640             1
   641             1
   642             2
   643             2
   644             0
   645             2
   646             1
   647             0
   648             2
   649             0
   650             1
   651             0
   652             3
   653             3
   654             0
   655             1
   656             2
   657             0
   658             1
   659             1
   660             0
   661             1
   662             0
   663             1
   664             1
   665             1
   666             2
   667             0
   668             0
   669             0
   670             0
   671             1
   672             2
   673             0
   674             1
   675             2
   676             0
   677             1
   678             1
   679             1
   680             2
   681             1
   682             1
   683             0
   684             0
   685             3
   686             0
   687             1
   688             0
   689             0
   690             1
   691             2
   692             1
   693             0
   694             1
   695             0
   696             1
   697             0
   698             1
   699             0
   700             0
   701             2
   702             1
   703             0
   704             0
   705             1
   706             2
   707             1
   708             1
   709             0
   710             0
   711             2
   712             2
   713             0
   714             2
   715             0
   716             1
   717             3
   718             2
   719             0
   720             2
   721             0
   722             0
   723             0
   724             1
   725             2
   726             2
   727             0
   728             1
   729             0
   730             2
   731             1
   732             1
   733             1
   734             1
   735             3
   736             1
   737             1
   738             1
   739             0
   740             0
   741             1
   742             0
   743             0
   744             0
   745             1
   746             1
   747             1
   748             3
   749             1
   750             1
   751             6
   752             2
   753             2
   754             2
   755             2
   756             2
   757             2
   758             1
   759             2
   760             0
   761             0
   762             0
   763             1
   764             2
   765             2
   766             1
   767             1
   768             1
   769             1
   770             0
   771             0
   772             1
   773             0
   774             1
   775             2
   776             1
   777             0
   778             0
   779             4
   780             2
   781             1
   782             1
   783             0
   784             0
   785             1
   786             1
   787             2
   788             0
   789             0
   790             1
   791             0
   792             0
   793             0
   794             1
   795             1
   796             0
   797             1
   798             2
   799             1
   800             1
   801             0
   802             2
   803             1
   804             2
   805             0
   806             3
   807             2
   808             0
   809             0
   810             0
   811             2
   812             2
   813             0
   814             0
   815             2
   816             2
   817             0
   818             2
   819             3
   820             2
   821             0
   822             1
   823             0
   824             0
   825             6
   826             0
   827             0
   828             3
   829             1
   830             1
   831             1
   832             0
   833             0
   834             3
   835             1
   836             2
   837             1
   838             0
   839             4
   840             2
   841             2
   842             1
   843             2
   844             0
   845             0
   846             0
   847             1
   848             0
   849             1
   850             0
   851             0
   852             1
   853             1
   854             0
   855             0
   856             1
   857             2
   858             2
   859             1
   860             1
   861             0
   862             2
   863             1
   864             1
   865             0
   866             0
   867             1
   868             2
   869             2
   870             0
   871             1
   872             0
   873             1
   874             0
   875             4
   876             0
   877             0
   878             2
   879             0
   880             0
   881             1
   882             0
   883             1
   884             3
   885             2
   886             1
   887             4
   888             0
   889             2
   890             1
   891             2
   892             2
   893             0
   894             2
   895             3
   896             2
   897             1
   898             0
   899             0
   900             0
   901             0
   902             1
   903             1
   904             1
   905             2
   906             0
   907             1
   908             4
   909             1
   910             2
   911             1
   912             1
   913             1
   914             1
   915             2
   916             3
   917             2
   918             0
   919             2
   920             1
   921             0
   922             1
   923             0
   924             1
   925             0
   926             2
   927             0
   928             1
   929             2
   930             1
   931             0
   932             1
   933             1
   934             3
   935             0
   936             2
   937             2
   938             0
   939             0
   940             1
   941             1
   942             0
   943             2
   944             0
   945             3
   946             3
   947             0
   948             2
   949             0
   950             1
   951             1
   952             0
   953             0
   954             0
   955             0
   956             3
   957             1
   958             1
   959             1
   960             0
   961             0
   962             0
   963             1
   964             1
   965             1
   966             0
   967             1
   968             1
   969             0
   970             2
   971             1
   972             0
   973             2
   974             1
   975             0
   976             1
   977             0
   978             0
   979             0
   980             1
   981             2
   982             2
   983             0
   984             0
   985             1
   986             2
   987             0
   988             2
   989             1
   990             0
   991             0
   992             2
   993             2
   994             2
   995             0
   996             1
   997             1
   998             1
   999             0
  1000             0
  1001             2
  1002             4
  1003             1
  1004             1
  1005             0
  1006             0
  1007             0
  1008             3
  1009             0
  1010             3
  1011             0
  1012             1
  1013             0
  1014             0
  1015             1
  1016             1
  1017             0
  1018             1
  1019             4
  1020             1
  1021             1
  1022             2
  1023             0
  1024             0
  1025             2
  1026             1
  1027             1
  1028             2
  1029             1
  1030             0
  1031             4
  1032             2
  1033             1
  1034             1
  1035             1
  1036             2
  1037             0
  1038             1
  1039             1
  1040             0
  1041             0
  1042             2
  1043             1
  1044             0
  1045             0
  1046             0
  1047             0
  1048             0
  1049             3
  1050             0
  1051             0
  1052             2
  1053             0
  1054             1
  1055             0
  1056             1
  1057             0
  1058             2
  1059             1
  1060             1
  1061             0
  1062             1
  1063             3
  1064             2
  1065             0
  1066             4
  1067             0
  1068             0
  1069             2
  1070             0
  1071             1
  1072             2
  1073             3
  1074             1
  1075             1
  1076             2
  1077             1
  1078             1
  1079             2
  1080             1
  1081             1
  1082             0
  1083             2
  1084             4
  1085             0
  1086             2
  1087             2
  1088             2
  1089             0
  1090             0
  1091             1
  1092             0
  1093             1
  1094             1
  1095             0
  1096             1
  1097             4
  1098             0
  1099             2
  1100             0
  1101             3
  1102             0
  1103             0
  1104             0
  1105             5
  1106             0
  1107             1
  1108             1
  1109             4
  1110             1
  1111             1
  1112             2
  1113             3
  1114             1
  1115             0
  1116             1
  1117             1
  1118             1
  1119             2
  1120             1
  1121             2
  1122             0
  1123             1
  1124             0
  1125             3
  1126             0
  1127             0
  1128             1
  1129             1
  1130             3
  1131             3
  1132             0
  1133             2
  1134             1
  1135             0
  1136             0
  1137             1
  1138             0
  1139             1
  1140             3
  1141             0
  1142             1
  1143             1
  1144             0
  1145             1
  1146             0
  1147             3
  1148             3
  1149             0
  1150             2
  1151             1
  1152             0
  1153             3
  1154             4
  1155             0
  1156             0
  1157             1
  1158             5
  1159             1
  1160             2
  1161             2
  1162             1
  1163             2
  1164             0
  1165             0
  1166             1
  1167             1
  1168             1
  1169             3
  1170             4
  1171             2
  1172             0
  1173             1
  1174             0
  1175             1
  1176             0
  1177             0
  1178             1
  1179             0
  1180             1
  1181             1
  1182             2
  1183             2
  1184             2
  1185             1
  1186             1
  1187             1
  1188             0
  1189             0
  1190             1
  1191             2
  1192             1
  1193             2
  1194             0
  1195             0
  1196             4
  1197             2
  1198             1
  1199             2
  1200             1
  1201             0
  1202             0
  1203             1
  1204             1
  1205             0
  1206             2
  1207             2
  1208             1
  1209             1
  1210             1
  1211             0
  1212             0
  1213             3
  1214             0
  1215             3
  1216             3
  1217             3
  1218             0
  1219             1
  1220             0
  1221             0
  1222             2
  1223             1
  1224             3
  1225             1
  1226             0
  1227             1
  1228             1
  1229             0
  1230             1
  1231             1
  1232             3
  1233             2
  1234             0
  1235             0
  1236             3
  1237             1
  1238             3
  1239             1
  1240             0
  1241             2
  1242             0
  1243             1
  1244             2
  1245             1
  1246             2
  1247             2
  1248             0
  1249             1
  1250             0
  1251             1
  1252             0
  1253             1
  1254             3
  1255             1
  1256             1
  1257             1
  1258             0
  1259             1
  1260             1
  1261             0
  1262             2
  1263             5
  1264             1
  1265             1
  1266             1
  1267             0
  1268             1
  1269             3
  1270             0
  1271             2
  1272             1
  1273             1
  1274             0
  1275             1
  1276             0
  1277             1
  1278             1
  1279             2
  1280             3
  1281             1
  1282             0
  1283             0
  1284             1
  1285             3
  1286             0
  1287             0
  1288             1
  1289             0
  1290             0
  1291             1
  1292             2
  1293             2
  1294             1
  1295             0
  1296             0
  1297             3
  1298             0
  1299             1
  1300             3
  1301             2
  1302             2
  1303             1
  1304             0
  1305             3
  1306             2
  1307             0
  1308             0
  1309             2
  1310             2
  1311             3
  1312             2
  1313             0
  1314             0
  1315             2
  1316             1
  1317             1
  1318             1
  1319             3
  1320             3
  1321             1
  1322             1
  1323             0
  1324             1
  1325             0
  1326             1
  1327             3
  1328             4
  1329             2
  1330             1
  1331             0
  1332             1
  1333             2
  1334             1
  1335             3
  1336             0
  1337             3
  1338             2
  1339             0
  1340             0
  1341             2
  1342             0
  1343             1
  1344             2
  1345             3
  1346             0
  1347             1
  1348             0
  1349             3
  1350             0
  1351             2
  1352             0
  1353             1
  1354             0
  1355             0
  1356             1
  1357             1
  1358             2
  1359             0
  1360             1
  1361             3
  1362             0
  1363             0
  1364             2
  1365             1
  1366             1
  1367             0
  1368             2
  1369             1
  1370             0
  1371             3
  1372             0
  1373             2
  1374             1
  1375             3
  1376             0
  1377             1
  1378             0
  1379             1
  1380             1
  1381             3
  1382             1
  1383             1
  1384             4
  1385             0
  1386             0
  1387             3
  1388             3
  1389             1
  1390             0
  1391             0
  1392             0
  1393             0
  1394             2
  1395             1
  1396             2
  1397             1
  1398             1
  1399             2
  1400             2
  1401             3
  1402             2
  1403             1
  1404             0
  1405             0
  1406             3
  1407             0
  1408             1
  1409             1
  1410             1
  1411             0
  1412             1
  1413             0
  1414             2
  1415             0
  1416             2
  1417             1
  1418             1
  1419             2
  1420             0
  1421             3
  1422             1
  1423             0
  1424             1
  1425             1
  1426             1
  1427             3
  1428             3
  1429             0
  1430             4
  1431             1
  1432             1
  1433             0
  1434             2
  1435             0
  1436             0
  1437             1
  1438             0
  1439             3
  1440             1
  1441             2
  1442             1
  1443             2
  1444             2
  1445             0
  1446             1
  1447             2
  1448             1
  1449             0
  1450             3
  1451             0
  1452             2
  1453             2
  1454             1
  1455             0
  1456             1
  1457             2
  1458             1
  1459             1
  1460             1
  1461             4
  1462             1
  1463             1
  1464             1
  1465             1
  1466             1
  1467             2
  1468             1
  1469             3
  1470             0
  1471             2
  1472             1
  1473             0
  1474             2
  1475             1
  1476             2
  1477             3
  1478             1
  1479             0
  1480             1
  1481             1
  1482             2
  1483             1
  1484             0
  1485             0
  1486             4
  1487             1
  1488             1
  1489             0
  1490             3
  1491             2
  1492             1
  1493             2
  1494             2
  1495             1
  1496             0
  1497             0
  1498             1
  1499             0
  1500             0
  1501             3
  1502             2
  1503             0
  1504             3
  1505             2
  1506             0
  1507             1
  1508             1
  1509             3
  1510             1
  1511             0
  1512             1
  1513             0
  1514             1
  1515             1
  1516             0
  1517             1
  1518             1
  1519             1
  1520             0
  1521             1
  1522             0
  1523             1
  1524             3
  1525             0
  1526             3
  1527             2
  1528             0
  1529             1
  1530             1
  1531             1
  1532             3
  1533             0
  1534             1
  1535             2
  1536             3
  1537             1
  1538             2
  1539             1
  1540             3
  1541             1
  1542             1
  1543             1
  1544             3
  1545             1
  1546             0
  1547             0
  1548             1
  1549             0
  1550             2
  1551             3
  1552             1
  1553             4
  1554             1
  1555             1
  1556             3
  1557             4
  1558             1
  1559             1
  1560             2
  1561             0
  1562             3
  1563             0
  1564             2
  1565             0
  1566             4
  1567             3
  1568             1
  1569             1
  1570             4
  1571             2
  1572             2
  1573             2
  1574             0
  1575             1
  1576             2
  1577             0
  1578             6
  1579             2
  1580             2
  1581             1
  1582             0
  1583             0
  1584             3
  1585             2
  1586             2
  1587             2
  1588             1
  1589             1
  1590             1
  1591             0
  1592             2
  1593             2
  1594             2
  1595             1
  1596             4
  1597             3
  1598             1
  1599             2
  1600             2
  1601             1
  1602             1
  1603             4
  1604             3
  1605             4
  1606             1
  1607             0
  1608             1
  1609             4
  1610             0
  1611             1
  1612             2
  1613             4
  1614             1
  1615             1
  1616             0
  1617             1
  1618             1
  1619             0
  1620             3
  1621             5
  1622             0
  1623             4
  1624             1
  1625             4
  1626             1
  1627             1
  1628             1
  1629             2
  1630             0
  1631             1
  1632             3
  1633             1
  1634             0
  1635             4
  1636             1
  1637             0
  1638             3
  1639             1
  1640             5
  1641             3
  1642             2
  1643             1
  1644             2
  1645             0
  1646             1
  1647             1
  1648             1
  1649             6
  1650             1
  1651             1
  1652             3
  1653             3
  1654             1
  1655             7
  1656             1
  1657             0
  1658             3
  1659             1
  1660             0
  1661             1
  1662             5
  1663             4
  1664             2
  1665             2
  1666             1
  1667             2
  1668             1
  1669             1
  1670             1
  1671             1
  1672             2
  1673             0
  1674             1
  1675             3
  1676             0
  1677             4
  1678             2
  1679             1
  1680             1
  1681             2
  1682             1
  1683             1
  1684             4
  1685             0
  1686             1
  1687             2
  1688             2
  1689             3
  1690             0
  1691             1
  1692             0
  1693             3
  1694             3
  1695             3
  1696             3
  1697             5
  1698             2
  1699             3
  1700             5
  1701             0
  1702             3
  1703             1
  1704             1
  1705             1
  1706             0
  1707             2
  1708             0
  1709             2
  1710             1
  1711             2
  1712             2
  1713             3
  1714             2
  1715             2
  1716             1
  1717             0
  1718             3
  1719             4
  1720             3
  1721             3
  1722             0
  1723             0
  1724             1
  1725             1
  1726             3
  1727             1
  1728             6
  1729             1
  1730             1
  1731             2
  1732             3
  1733             3
  1734             0
  1735             5
  1736             3
  1737             0
  1738             1
  1739             2
  1740             2
  1741             3
  1742             0
  1743             3
  1744             2
  1745             1
  1746             4
  1747             1
  1748             3
  1749             5
  1750             1
  1751             2
  1752             3
  1753             2
  1754             3
  1755             4
  1756             2
  1757             3
  1758             5
  1759             2
  1760             4
  1761             3
  1762             5
  1763             2
  1764             1
  1765             2
  1766             5
  1767             2
  1768             1
  1769             1
  1770             1
  1771             6
  1772             2
  1773             4
  1774             2
  1775             3
  1776             1
  1777             1
  1778             8
  1779             2
  1780             3
  1781             2
  1782             0
  1783             2
  1784             3
  1785             3
  1786             3
  1787             2
  1788             0
  1789             5
  1790             4
  1791             3
  1792             1
  1793             4
  1794             1
  1795             7
  1796             1
  1797             2
  1798             1
  1799             3
  1800             0
  1801             0
  1802             1
  1803             1
  1804             2
  1805             9
  1806             2
  1807             2
  1808             2
  1809             3
  1810             1
  1811             3
  1812             4
  1813             1
  1814             5
  1815             5
  1816             0
  1817             1
  1818             4
  1819             6
  1820             0
  1821             6
  1822             4
  1823             2
  1824             3
  1825             5
  1826             3
  1827             0
  1828             5
  1829             3
  1830             4
  1831             3
  1832             1
  1833             2
  1834             3
  1835             3
  1836             5
  1837             1
  1838             7
  1839             1
  1840             3
  1841             4
  1842             7
  1843             1
  1844             0
  1845             5
  1846             4
  1847             2
  1848             4
  1849             6
  1850             1
  1851             3
  1852             6
  1853             4
  1854             1
  1855             1
  1856             3
  1857             3
  1858             5
  1859             0
  1860             2
  1861             2
  1862             2
  1863             2
  1864             0
  1865             4
  1866             4
  1867             2
  1868             3
  1869             5
  1870             7
  1871             3
  1872             5
  1873             3
  1874             2
  1875             1
  1876             4
  1877             3
  1878             4
  1879             3
  1880             4
  1881             2
  1882             4
  1883             1
  1884             5
  1885             3
  1886             4
  1887             3
  1888             3
  1889             2
  1890             0
  1891             5
  1892             4
  1893             2
  1894             4
  1895             3
  1896             5
  1897             0
  1898             3
  1899             6
  1900             5
  1901             2
  1902             5
  1903             1
  1904             1
  1905             2
  1906             4
  1907             3
  1908             4
  1909             4
  1910             1
  1911             1
  1912             2
  1913             3
  1914             2
  1915             2
  1916             3
  1917             7
  1918             6
  1919             3
  1920             5
  1921             2
  1922             1
  1923             1
  1924             2
  1925             2
  1926             4
  1927             1
  1928             0
  1929             4
  1930             3
  1931             4
  1932             6
  1933             1
  1934             8
  1935             3
  1936             6
  1937             2
  1938             1
  1939             4
  1940             3
  1941             2
  1942             3
  1943             2
  1944             1
  1945             3
  1946             2
  1947             3
  1948             4
  1949             2
  1950             6
  1951             4
  1952             4
  1953             5
  1954             2
  1955             4
  1956             3
  1957             3
  1958             6
  1959             7
  1960             2
  1961             3
  1962             4
  1963             5
  1964             3
  1965             6
  1966             4
  1967             6
  1968             4
  1969             7
  1970             2
  1971             3
  1972             3
  1973             8
  1974             3
  1975             4
  1976             9
  1977             3
  1978             2
  1979             8
  1980             6
  1981             7
  1982             1
  1983            11
  1984             5
  1985            11
  1986             3
  1987             8
  1988             7
  1989             4
  1990             1
  1991             7
  1992             9
  1993             5
  1994             4
  1995             7
  1996             8
  1997             7
  1998             6
  1999             6
  2000             7
  2001             4
  2002            10
  2003             2
  2004             8
  2005             5
  2006             6
  2007             5
  2008             8
  2009            11
  2010             6
  2011            11
  2012             9
  2013             9
  2014             7
  2015             7
  2016             3
  2017            10
  2018             9
  2019            14
  2020             4
  2021            11
  2022             7
  2023            10
  2024            10
  2025            11
  2026             9
  2027             7
  2028             8
  2029             5
  2030             7
  2031             9
  2032            15
  2033             9
  2034            12
  2035             8
  2036            12
  2037            15
  2038            16
  2039            16
  2040            17
  2041             8
  2042            19
  2043            17
  2044             9
  2045            18
  2046            19
  2047            13
  2048            14
  2049            17
  2050            13
  2051            12
  2052            24
  2053            18
  2054            18
  2055            22
  2056            19
  2057            12
  2058            17
  2059            17
  2060            11
  2061            31
  2062            25
  2063            31
  2064            26
  2065            33
  2066            32
  2067            33
  2068            38
  2069            47
  2070            49
  2071            31
  2072            42
  2073            45
  2074            35
  2075            49
  2076            50
  2077            45
  2078            68
  2079            53
  2080            58
  2081            63
  2082            75
  2083            70
  2084            72
  2085            76
  2086            89
  2087            86
  2088            84
  2089           105
  2090           105
  2091            96
  2092           113
  2093           108
  2094           128
  2095           139
  2096           127
  2097           139
  2098           148
  2099           156
  2100           170
  2101           165
  2102           173
  2103           177
  2104           188
  2105           209
  2106           202
  2107           208
  2108           233
  2109           230
  2110           253
  2111           269
  2112           254
  2113           259
  2114           319
  2115           312
  2116           322
  2117           333
  2118           333
  2119           332
  2120           368
  2121           404
  2122           380
  2123           372
  2124           414
  2125           390
  2126           396
  2127           418
  2128           395
  2129           395
  2130           418
  2131           456
  2132           426
  2133           457
  2134           464
  2135           462
  2136           462
  2137           463
  2138           439
  2139           482
  2140           439
  2141           399
  2142           444
  2143           443
  2144           452
  2145           429
  2146           437
  2147           434
  2148           429
  2149           382
  2150           410
  2151           399
  2152           409
  2153           348
  2154           395
  2155           324
  2156           390
  2157           334
  2158           339
  2159           322
  2160           303
  2161           261
  2162           286
  2163           274
  2164           259
  2165           224
  2166           223
  2167           219
  2168           201
  2169           243
  2170           190
  2171           186
  2172           160
  2173           165
  2174           176
  2175           135
  2176           127
  2177           116
  2178           124
  2179           113
  2180            90
  2181            72
  2182            82
  2183            80
  2184            78
  2185            58
  2186            60
  2187            55
  2188            56
  2189            51
  2190            50
  2191            43
  2192            47
  2193            36
  2194            33
  2195            37
  2196            33
  2197            34
  2198            27
  2199            21
  2200            16
  2201            18
  2202            25
  2203            28
  2204            23
  2205            28
  2206            16
  2207            19
  2208            22
  2209            32
  2210            22
  2211            17
  2212            10
  2213             8
  2214            22
  2215            22
  2216            23
  2217            18
  2218            14
  2219            13
  2220            17
  2221            14
  2222            19
  2223            16
  2224            22
  2225            17
  2226            14
  2227            16
  2228            21
  2229            25
  2230            25
  2231            31
  2232            29
  2233            14
  2234            36
  2235            37
  2236            41
  2237            34
  2238            43
  2239            36
  2240            41
  2241            45
  2242            32
  2243            60
  2244            41
  2245            47
  2246            49
  2247            54
  2248            66
  2249            40
  2250            63
  2251            65
  2252            71
  2253            95
  2254            98
  2255            73
  2256            77
  2257            90
  2258            81
  2259            90
  2260           118
  2261           121
  2262           117
  2263           126
  2264           127
  2265           161
  2266           120
  2267           156
  2268           150
  2269           166
  2270           177
  2271           203
  2272           198
  2273           208
  2274           225
  2275           237
  2276           242
  2277           237
  2278           256
  2279           267
  2280           292
  2281           312
  2282           279
  2283           329
  2284           314
  2285           321
  2286           327
  2287           363
  2288           378
  2289           393
  2290           415
  2291           380
  2292           390
  2293           439
  2294           468
  2295           430
  2296           406
  2297           461
  2298           451
  2299           455
  2300           457
  2301           471
  2302           421
  2303           490
  2304           469
  2305           483
  2306           452
  2307           470
  2308           473
  2309           485
  2310           476
  2311           474
  2312           470
  2313           420
  2314           452
  2315           423
  2316           407
  2317           434
  2318           400
  2319           420
  2320           401
  2321           411
  2322           376
  2323           375
  2324           377
  2325           359
  2326           338
  2327           284
  2328           299
  2329           312
  2330           279
  2331           269
  2332           264
  2333           265
  2334           222
  2335           233
  2336           215
  2337           220
  2338           184
  2339           205
  2340           184
  2341           171
  2342           175
  2343           147
  2344           147
  2345           152
  2346           126
  2347           112
  2348            96
  2349            96
  2350            94
  2351            87
  2352            81
  2353           103
  2354            77
  2355            81
  2356            64
  2357            69
  2358            73
  2359            66
  2360            47
  2361            65
  2362            60
  2363            60
  2364            61
  2365            59
  2366            53
  2367            50
  2368            57
  2369            57
  2370            46
  2371            52
  2372            39
  2373            40
  2374            46
  2375            53
  2376            59
  2377            46
  2378            55
  2379            44
  2380            60
  2381            57
  2382            61
  2383            62
  2384            53
  2385            52
  2386            45
  2387            72
  2388            68
  2389            77
  2390            74
  2391            77
  2392            60
  2393            60
  2394            59
  2395            73
  2396            60
  2397            63
  2398            68
  2399            80
  2400            76
  2401            78
  2402            90
  2403            86
  2404            75
  2405            85
  2406            93
  2407            99
  2408            86
  2409            81
  2410           102
  2411            90
  2412           111
  2413           119
  2414           134
  2415           133
  2416           129
  2417           151
  2418           154
  2419           164
  2420           152
  2421           169
  2422           193
  2423           171
  2424           185
  2425           217
  2426           202
  2427           208
  2428           217
  2429           261
  2430           230
  2431           282
  2432           282
  2433           327
  2434           315
  2435           311
  2436           321
  2437           364
  2438           372
  2439           354
  2440           434
  2441           407
  2442           477
  2443           441
  2444           509
  2445           503
  2446           535
  2447           556
  2448           570
  2449           594
  2450           584
  2451           657
  2452           607
  2453           608
  2454           686
  2455           695
  2456           749
  2457           756
  2458           768
  2459           764
  2460           776
  2461           817
  2462           808
  2463           840
  2464           882
  2465           817
  2466           836
  2467           886
  2468           900
  2469           888
  2470           907
  2471           933
  2472           895
  2473           975
  2474           922
  2475           951
  2476           903
  2477           931
  2478           887
  2479           911
  2480           881
  2481           945
  2482           906
  2483           891
  2484           821
  2485           818
  2486           815
  2487           828
  2488           826
  2489           746
  2490           746
  2491           683
  2492           686
  2493           703
  2494           699
  2495           625
  2496           587
  2497           587
  2498           571
  2499           561
  2500           543
  2501           519
  2502           480
  2503           490
  2504           458
  2505           401
  2506           423
  2507           378
  2508           342
  2509           340
  2510           342
  2511           273
  2512           301
  2513           294
  2514           212
  2515           218
  2516           182
  2517           181
  2518           177
  2519           153
  2520           152
  2521           153
  2522           127
  2523           105
  2524           108
  2525            94
  2526            85
  2527            81
  2528            85
  2529            76
  2530            58
  2531            56
  2532            49
  2533            49
  2534            35
  2535            49
  2536            42
  2537            28
  2538            24
  2539            32
  2540            22
  2541            32
  2542            30
  2543            20
  2544            31
  2545            24
  2546            21
  2547            23
  2548            21
  2549            23
  2550            30
  2551            20
  2552            21
  2553            18
  2554            27
  2555            20
  2556            16
  2557            29
  2558            32
  2559            34
  2560            19
  2561            19
  2562            29
  2563            19
  2564            30
  2565            25
  2566            27
  2567            27
  2568            25
  2569            23
  2570            25
  2571            33
  2572            31
  2573            21
  2574            28
  2575            30
  2576            25
  2577            27
  2578            22
  2579            19
  2580            29
  2581            27
  2582            17
  2583            16
  2584            18
  2585            29
  2586            22
  2587            22
  2588            22
  2589            25
  2590            22
  2591            22
  2592            15
  2593             9
  2594            15
  2595            19
  2596            14
  2597            15
  2598            16
  2599            17
  2600            10
  2601            17
  2602            14
  2603             9
  2604            12
  2605            10
  2606             6
  2607             6
  2608             9
  2609            12
  2610            15
  2611             6
  2612            15
  2613            15
  2614             6
  2615             3
  2616             4
  2617             4
  2618             6
  2619             3
  2620             4
  2621             5
  2622             2
  2623             5
  2624             4
  2625             4
  2626             2
  2627             2
  2628             3
  2629             3
  2630             0
  2631             7
  2632             5
  2633             3
  2634             2
  2635             2
  2636             0
  2637             4
  2638             2
  2639             2
  2640             5
  2641             2
  2642             5
  2643             3
  2644             1
  2645             2
  2646             3
  2647             3
  2648             7
  2649             0
  2650             0
  2651             2
  2652             3
  2653             1
  2654             2
  2655             1
  2656             1
  2657             3
  2658             4
  2659             1
  2660             0
  2661             1
  2662             2
  2663             3
  2664             2
  2665             2
  2666             0
  2667             2
  2668             0
  2669             3
  2670             1
  2671             2
  2672             1
  2673             3
  2674             2
  2675             0
  2676             0
  2677             3
  2678             2
  2679             0
  2680             1
  2681             0
  2682             0
  2683             1
  2684             1
  2685             0
  2686             1
  2687             0
  2688             0
  2689             2
  2690             1
  2691             2
  2692             0
  2693             4
  2694             1
  2695             1
  2696             2
  2697             0
  2698             1
  2699             3
  2700             3
  2701             1
  2702             0
  2703             3
  2704             1
  2705             4
  2706             1
  2707             2
  2708             2
  2709             0
  2710             5
  2711             2
  2712             1
  2713             4
  2714             3
  2715             1
  2716             2
  2717             6
  2718             4
  2719             3
  2720             6
  2721             8
  2722             1
  2723             7
  2724             6
  2725             8
  2726             3
  2727             4
  2728             1
  2729             6
  2730             7
  2731             3
  2732             3
  2733             7
  2734             5
  2735             6
  2736             8
  2737             7
  2738             8
  2739             7
  2740             8
  2741             7
  2742             8
  2743             6
  2744             7
  2745             6
  2746             8
  2747             4
  2748             9
  2749             6
  2750            11
  2751            10
  2752             7
  2753            18
  2754             5
  2755             8
  2756             8
  2757            11
  2758             8
  2759             7
  2760             5
  2761             6
  2762             6
  2763             6
  2764             6
  2765             8
  2766            10
  2767            10
  2768             9
  2769             4
  2770             9
  2771             5
  2772             7
  2773             5
  2774             7
  2775             6
  2776            13
  2777             7
  2778             5
  2779             6
  2780             7
  2781             3
  2782             9
  2783             5
  2784             4
  2785             4
  2786             7
  2787             4
  2788             3
  2789             4
  2790             3
  2791             6
  2792             6
  2793             1
  2794             4
  2795             5
  2796             5
  2797             6
  2798             3
  2799             2
  2800             1
  2801             2
  2802             6
  2803             3
  2804             3
  2805             5
  2806             5
  2807             6
  2808             2
  2809             5
  2810             4
  2811             3
  2812             4
  2813             6
  2814             3
  2815             7
  2816             4
  2817             3
  2818             3
  2819             4
  2820             6
  2821             4
  2822             7
  2823             6
  2824             7
  2825             6
  2826             6
  2827            10
  2828             2
  2829             7
  2830             8
  2831             7
  2832             6
  2833            14
  2834            10
  2835            11
  2836            12
  2837            16
  2838             8
  2839            11
  2840            18
  2841            17
  2842             9
  2843            21
  2844            16
  2845            21
  2846            19
  2847            22
  2848            22
  2849            20
  2850            15
  2851            25
  2852            26
  2853            21
  2854            23
  2855            17
  2856            32
  2857            22
  2858            26
  2859            25
  2860            35
  2861            28
  2862            29
  2863            26
  2864            24
  2865            29
  2866            19
  2867            20
  2868            20
  2869            18
  2870            24
  2871            26
  2872            35
  2873            24
  2874            23
  2875            23
  2876            30
  2877            25
  2878            24
  2879            31
  2880            23
  2881            28
  2882            22
  2883            20
  2884            20
  2885            17
  2886            14
  2887            19
  2888            16
  2889            11
  2890             9
  2891            20
  2892            18
  2893            15
  2894            12
  2895            13
  2896            12
  2897             8
  2898             5
  2899            11
  2900             9
  2901            10
  2902            10
  2903             7
  2904             6
  2905             8
  2906             1
  2907             9
  2908             5
  2909             5
  2910             5
  2911             2
  2912             3
  2913             4
  2914             8
  2915             5
  2916             6
  2917             3
  2918             2
  2919             2
  2920             3
  2921             3
  2922             2
  2923             2
  2924             3
  2925             2
  2926             3
  2927             1
  2928             0
  2929             1
  2930             1
  2931             3
  2932             1
  2933             0
  2934             2
  2935             1
  2936             0
  2937             0
  2938             1
  2939             2
  2940             2
  2941             1
  2942             0
  2943             0
  2944             0
  2945             0
  2946             0
  2947             1
  2948             2
  2949             1
  2950             0
  2951             2
  2952             1
  2953             0
  2954             1
  2955             1
  2956             3
  2957             1
  2958             1
  2959             2
  2960             0
  2961             1
  2962             0
  2963             2
  2964             0
  2965             1
  2966             2
  2967             0
  2968             1
  2969             0
  2970             2
  2971             0
  2972             2
  2973             1
  2974             1
  2975             1
  2976             0
  2977             1
  2978             1
  2979             1
  2980             1
  2981             1
  2982             0
  2983             1
  2984             0
  2985             1
  2986             2
  2987             1
  2988             2
  2989             3
  2990             5
  2991             2
  2992             1
  2993             3
  2994             4
  2995             2
  2996             2
  2997             3
  2998             9
  2999             1
  3000             3
  3001             1
  3002             4
  3003             5
  3004             7
  3005             4
  3006             0
  3007             4
  3008             2
  3009             3
  3010             8
  3011             4
  3012             2
  3013             6
  3014             4
  3015             2
  3016             4
  3017             5
  3018             5
  3019             4
  3020             9
  3021             4
  3022             4
  3023            10
  3024             5
  3025             5
  3026             6
  3027             4
  3028             9
  3029             7
  3030             8
  3031             3
  3032             5
  3033             6
  3034             5
  3035            11
  3036             8
  3037            11
  3038             8
  3039            11
  3040            14
  3041             3
  3042            16
  3043             6
  3044             6
  3045            10
  3046            14
  3047            15
  3048            16
  3049            15
  3050            15
  3051             9
  3052            10
  3053            10
  3054            22
  3055            18
  3056            16
  3057            37
  3058            15
  3059            14
  3060            20
  3061            23
  3062            15
  3063            16
  3064            22
  3065            25
  3066            29
  3067            32
  3068            29
  3069            36
  3070            30
  3071            35
  3072            40
  3073            31
  3074            40
  3075            44
  3076            49
  3077            46
  3078            49
  3079            56
  3080            58
  3081            57
  3082            67
  3083            75
  3084           103
  3085            78
  3086            72
  3087            99
  3088           117
  3089            96
  3090           106
  3091           116
  3092           132
  3093           118
  3094           148
  3095           134
  3096           151
  3097           160
  3098           175
  3099           181
  3100           203
  3101           198
  3102           214
  3103           225
  3104           227
  3105           277
  3106           237
  3107           283
  3108           291
  3109           318
  3110           301
  3111           334
  3112           356
  3113           399
  3114           347
  3115           364
  3116           449
  3117           389
  3118           422
  3119           402
  3120           450
  3121           410
  3122           460
  3123           477
  3124           484
  3125           454
  3126           527
  3127           481
  3128           495
  3129           509
  3130           510
  3131           508
  3132           496
  3133           498
  3134           506
  3135           498
  3136           455
  3137           489
  3138           509
  3139           487
  3140           436
  3141           500
  3142           434
  3143           425
  3144           448
  3145           405
  3146           379
  3147           388
  3148           426
  3149           366
  3150           346
  3151           291
  3152           302
  3153           282
  3154           255
  3155           262
  3156           240
  3157           245
  3158           217
  3159           203
  3160           211
  3161           184
  3162           148
  3163           137
  3164           140
  3165           138
  3166           113
  3167            90
  3168            90
  3169            83
  3170            91
  3171            71
  3172            67
  3173            47
  3174            55
  3175            48
  3176            42
  3177            40
  3178            41
  3179            20
  3180            31
  3181            14
  3182            23
  3183            17
  3184            17
  3185            12
  3186            17
  3187            14
  3188             4
  3189            11
  3190             7
  3191             2
  3192             5
  3193             7
  3194             2
  3195             1
  3196             2
  3197             1
  3198             1
  3199             3
  3200             5
  3201             3
  3202             2
  3203             2
  3204             6
  3205             3
  3206             1
  3207             2
  3208             2
  3209             4
  3210             0
  3211             2
  3212             1
  3213             1
  3214             1
  3215             2
  3216             2
  3217             2
  3218             3
  3219             3
  3220             2
  3221             4
  3222             2
  3223             6
  3224             1
  3225             3
  3226             1
  3227             2
  3228             0
  3229             3
  3230             1
  3231             1
  3232             3
  3233             2
  3234             3
  3235             2
  3236             0
  3237             7
  3238             1
  3239             1
  3240             4
  3241             1
  3242             1
  3243             4
  3244             1
  3245             2
  3246             3
  3247             1
  3248             2
  3249             1
  3250             1
  3251             0
  3252             3
  3253             0
  3254             3
  3255             5
  3256             5
  3257             0
  3258             3
  3259             2
  3260             1
  3261             0
  3262             2
  3263             1
  3264             1
  3265             3
  3266             0
  3267             3
  3268             6
  3269             1
  3270             2
  3271             2
  3272             0
  3273             1
  3274             1
  3275             0
  3276             0
  3277             1
  3278             0
  3279             1
  3280             0
  3281             0
  3282             0
  3283             1
  3284             0
  3285             0
  3286             0
  3287             1
  3288             0
  3289             0
  3290             1
  3291             0
  3292             1
  3293             0
  3294             0
  3295             2
  3296             0
  3297             1
  3298             1
  3299             0
  3300             0
  3301             0
  3302             0
  3303             0
  3304             0
  3305             0
  3306             0
  3307             0
  3308             0
  3309             2
  3310             0
  3311             0
  3312             0
  3313             1
  3314             0
  3315             0
  3316             0
  3317             0
  3318             0
  3319             1
  3320             1
  3321             2
  3322             0
  3323             0
  3324             0
  3325             1
  3326             0
  3327             0
  3328             1
  3329             2
  3330             0
  3331             0
  3332             0
  3333             0
  3334             1
  3335             0
  3336             0
  3337             0
  3338             1
  3339             0
  3340             0
  3341             0
  3342             0
  3343             0
  3344             2
  3345             0
  3346             0
  3347             0
  3348             0
  3349             0
  3350             0
  3351             0
  3352             0
  3353             1
  3354             0
  3355             0
  3356             0
  3357             0
  3358             0
  3359             0
  3360             0
  3361             0
  3362             1
  3363             0
  3364             0
  3365             0
  3366             0
  3367             0
  3368             0
  3369             0
  3370             0
  3371             1
  3372             0
  3373             0
  3374             0
  3375             0
  3376             0
  3377             0
  3378             1
  3379             1
  3380             0
  3381             0
  3382             0
  3383             1
  3384             1
  3385             0
  3386             0
  3387             0
  3388             0
  3389             0
  3390             0
  3391             0
  3392             0
  3393             0
  3394             0
  3395             0
  3396             0
  3397             0
  3398             0
  3399             0
  3400             0
  3401             1
  3402             0
  3403             0
  3404             0
  3405             0
  3406             1
  3407             0
  3408             1
  3409             0
  3410             0
  3411             0
  3412             0
  3413             0
  3414             0
  3415             0
  3416             0
  3417             0
  3418             0
  3419             0
  3420             0
  3421             0
  3422             1
  3423             0
  3424             0
  3425             1
  3426             0
  3427             0
  3428             0
  3429             0
  3430             0
  3431             0
  3432             0
  3433             1
  3434             0
  3435             0
  3436             0
  3437             0
  3438             1
  3439             0
  3440             0
  3441             0
  3442             0
  3443             0
  3444             0
  3445             0
  3446             0
  3447             0
  3448             1
  3449             0
  3450             1
  3451             0
  3452             1
  3453             0
  3454             0
  3455             0
  3456             0
  3457             0
  3458             1
  3459             0
  3460             0
  3461             0
  3462             0
  3463             0
  3464             0
  3465             1
  3466             0
  3467             0
  3468             0
  3469             0
  3470             0
  3471             0
  3472             0
  3473             0
  3474             0
  3475             0
  3476             0
  3477             1
  3478             1
  3479             0
  3480             0
  3481             1
  3482             2
  3483             0
  3484             0
  3485             0
  3486             0
  3487             0
  3488             0
  3489             0
  3490             0
  3491             0
  3492             1
  3493             0
  3494             0
  3495             1
  3496             0
  3497             1
  3498             0
  3499             1
  3500             0
  3501             0
  3502             0
  3503             0
  3504             0
  3505             0
  3506             0
  3507             0
  3508             0
  3509             1
  3510             0
  3511             0
  3512             0
  3513             0
  3514             0
  3515             0
  3516             1
  3517             1
  3518             0
  3519             0
  3520             1
  3521             1
  3522             1
  3523             0
  3524             1
  3525             0
  3526             0
  3527             0
  3528             0
  3529             0
  3530             0
  3531             1
  3532             1
  3533             1
  3534             0
  3535             0
  3536             0
  3537             0
  3538             0
  3539             0
  3540             0
  3541             0
  3542             0
  3543             0
  3544             0
  3545             1
  3546             2
  3547             0
  3548             0
  3549             1
  3550             0
  3551             0
  3552             0
  3553             0
  3554             0
  3555             0
  3556             2
  3557             0
  3558             0
  3559             0
  3560             0
  3561             2
  3562             0
  3563             0
  3564             0
  3565             0
  3566             0
  3567             1
  3568             0
  3569             0
  3570             0
  3571             0
  3572             0
  3573             0
  3574             1
  3575             1
  3576             0
  3577             0
  3578             0
  3579             0
  3580             1
  3581             0
  3582             0
  3583             0
  3584             0
  3585             2
  3586             0
  3587             0
  3588             0
  3589             0
  3590             0
  3591             0
  3592             0
  3593             1
  3594             0
  3595             0
  3596             0
  3597             0
  3598             0
  3599             0
  3600             0
  3601             0
  3602             0
  3603             1
  3604             0
  3605             0
  3606             0
  3607             0
  3608             1
  3609             0
  3610             1
  3611             1
  3612             0
  3613             0
  3614             0
  3615             0
  3616             0
  3617             0
  3618             0
  3619             0
  3620             0
  3621             1
  3622             0
  3623             0
  3624             0
  3625             0
  3626             0
  3627             0
  3628             1
  3629             0
  3630             0
  3631             0
  3632             0
  3633             0
  3634             0
  3635             0
  3636             0
  3637             0
  3638             0
  3639             0
  3640             0
  3641             0
  3642             0
  3643             0
  3644             0
  3645             0
  3646             2
  3647             0
  3648             0
  3649             0
  3650             1
  3651             1
  3652             0
  3653             0
  3654             0
  3655             0
  3656             0
  3657             1
  3658             0
  3659             0
  3660             0
  3661             0
  3662             1
  3663             2
  3664             1
  3665             0
  3666             0
  3667             0
  3668             0
  3669             1
  3670             1
  3671             0
  3672             0
  3673             0
  3674             0
  3675             0
  3676             0
  3677             0
  3678             1
  3679             0
  3680             0
  3681             0
  3682             0
  3683             0
  3684             0
  3685             1
  3686             0
  3687             0
  3688             0
  3689             0
  3690             0
  3691             0
  3692             0
  3693             0
  3694             0
  3695             0
  3696             0
  3697             0
  3698             0
  3699             0
  3700             0
  3701             0
  3702             0
  3703             0
  3704             1
  3705             0
  3706             1
  3707             1
  3708             0
  3709             0
  3710             0
  3711             0
  3712             0
  3713             0
  3714             0
  3715             0
  3716             1
  3717             0
  3718             0
  3719             1
  3720             0
  3721             0
  3722             0
  3723             0
  3724             0
  3725             0
  3726             0
  3727             0
  3728             1
  3729             0
  3730             0
  3731             0
  3732             1
  3733             0
  3734             0
  3735             0
  3736             0
  3737             0
  3738             0
  3739             0
  3740             0
  3741             0
  3742             0
  3743             0
  3744             0
  3745             1
  3746             0
  3747             0
  3748             0
  3749             2
  3750             1
  3751             0
  3752             0
  3753             0
  3754             2
  3755             0
  3756             0
  3757             0
  3758             1
  3759             0
  3760             0
  3761             0
  3762             0
  3763             0
  3764             0
  3765             0
  3766             0
  3767             1
  3768             0
  3769             0
  3770             0
  3771             0
  3772             0
  3773             0
  3774             0
  3775             0
  3776             0
  3777             0
  3778             1
  3779             1
  3780             0
  3781             0
  3782             1
  3783             1
  3784             1
  3785             0
  3786             0
  3787             0
  3788             1
  3789             2
  3790             0
  3791             0
  3792             0
  3793             2
  3794             0
  3795             2
  3796             0
  3797             0
  3798             0
  3799             1
  3800             0
  3801             0
  3802             1
  3803             0
  3804             1
  3805             0
  3806             0
  3807             1
  3808             3
  3809             0
  3810             0
  3811             0
  3812             0
  3813             2
  3814             1
  3815             2
  3816             1
  3817             0
  3818             0
  3819             1
  3820             0
  3821             0
  3822             2
  3823             1
  3824             0
  3825             1
  3826             3
  3827             1
  3828             2
  3829             0
  3830             3
  3831             1
  3832             0
  3833             2
  3834             2
  3835             4
  3836             4
  3837             4
  3838             1
  3839             2
  3840             1
  3841             3
  3842             1
  3843             3
  3844             0
  3845             0
  3846             0
  3847             2
  3848             2
  3849             4
  3850             2
  3851             2
  3852             3
  3853             4
  3854             3
  3855             0
  3856             0
  3857             4
  3858             4
  3859             2
  3860             3
  3861             3
  3862             1
  3863             1
  3864             1
  3865             2
  3866             1
  3867             3
  3868             1
  3869             1
  3870             1
  3871             2
  3872             3
  3873             2
  3874             4
  3875             0
  3876             1
  3877             1
  3878             0
  3879             3
  3880             2
  3881             0
  3882             2
  3883             1
  3884             0
  3885             2
  3886             1
  3887             4
  3888             1
  3889             1
  3890             1
  3891             1
  3892             0
  3893             1
  3894             3
  3895             0
  3896             1
  3897             1
  3898             0
  3899             1
  3900             2
  3901             0
  3902             1
  3903             1
  3904             0
  3905             1
  3906             0
  3907             0
  3908             2
  3909             1
  3910             0
  3911             1
  3912             0
  3913             0
  3914             0
  3915             0
  3916             2
  3917             0
  3918             1
  3919             1
  3920             1
  3921             0
  3922             1
  3923             0
  3924             0
  3925             1
  3926             0
  3927             2
  3928             0
  3929             0
  3930             1
  3931             0
  3932             0
  3933             1
  3934             0
  3935             3
  3936             1
  3937             0
  3938             1
  3939             0
  3940             0
  3941             1
  3942             0
  3943             0
  3944             0
  3945             0
  3946             0
  3947             0
  3948             1
  3949             0
  3950             2
  3951             2
  3952             1
  3953             2
  3954             2
  3955             1
  3956             0
  3957             0
  3958             0
  3959             2
  3960             1
  3961             2
  3962             2
  3963             4
  3964             1
  3965             1
  3966             1
  3967             0
  3968             0
  3969             1
  3970             0
  3971             1
  3972             2
  3973             0
  3974             1
  3975             0
  3976             2
  3977             2
  3978             1
  3979             1
  3980             0
  3981             2
  3982             1
  3983             2
  3984             2
  3985             4
  3986             1
  3987             2
  3988             4
  3989             1
  3990             2
  3991             0
  3992             3
  3993             2
  3994             2
  3995             2
  3996             5
  3997             6
  3998             4
  3999             4
  4000             4
  4001             2
  4002             6
  4003             3
  4004             3
  4005             1
  4006             8
  4007             6
  4008             6
  4009             6
  4010             6
  4011             2
  4012             4
  4013             7
  4014             5
  4015             3
  4016            10
  4017            10
  4018             2
  4019             7
  4020             7
  4021            13
  4022             8
  4023             8
  4024            12
  4025             6
  4026            12
  4027            10
  4028             9
  4029            19
  4030            13
  4031            12
  4032            13
  4033            14
  4034            13
  4035            10
  4036            16
  4037             6
  4038             9
  4039             9
  4040            16
  4041             8
  4042            10
  4043            14
  4044             9
  4045            21
  4046            11
  4047            14
  4048             8
  4049            12
  4050            20
  4051            17
  4052            15
  4053            13
  4054            12
  4055             8
  4056            17
  4057             9
  4058            13
  4059            14
  4060             9
  4061             8
  4062             7
  4063             9
  4064            14
  4065            12
  4066             7
  4067             8
  4068            14
  4069             8
  4070             6
  4071             4
  4072             5
  4073            13
  4074             5
  4075             3
  4076             4
  4077             1
  4078             6
  4079             8
  4080             6
  4081             1
  4082             1
  4083             2
  4084             3
  4085             3
  4086             6
  4087             0
  4088             2
  4089             2
  4090             1
  4091             4
  4092             1
  4093             0
  4094             3
  4095             1
