     0             0
     1             0
     2             0
     3             0
     4             0
     5             0
     6             0
     7             0
     8             0
     9             0
    10             0
    11             0
    12             0
    13             0
    14             0
    15             0
    16             0
    17             0
    18             0
    19             0
    20             0
    21             0
    22             0
    23             0
    24             0
    25             0
    26             0
    27             0
    28             0
    29             0
    30             0
    31             0
    32             0
    33             0
    34             0
    35             0
    36             0
    37             0
    38             0
    39             0
    40             0
    41             0
    42             0
    43             0
    44             0
    45             0
    46             1
    47             1
    48             1
    49             1
    50             0
    51             0
    52             1
    53             0
    54             0
    55             0
    56             0
    57             0
    58             0
    59             0
    60             0
    61             0
    62             0
    63             0
    64             0
    65             0
    66             0
    67             0
    68             0
    69             0
    70             0
    71             0
    72             0
    73             0
    74             0
    75             0
    76             0
    77             0
    78             0
    79             0
    80             0
    81             0
    82             0
    83             0
    84             0
    85             0
    86             0
    87             0
    88             0
    89             0
    90             0
    91             0
    92             0
    93             0
    94             0
    95             0
    96             0
    97             0
    98             0
    99             0
   100             0
   101             0
   102             0
   103             0
   104             0
   105             0
   106             0
   107             0
   108             0
   109             0
   110             0
   111             0
   112             0
   113             0
   114             0
   115             0
   116             0
   117             0
   118             0
   119             0
   120             0
   121             0
   122             0
   123             0
   124             1
   125             0
   126             0
   127             0
   128             0
   129             0
   130             0
   131             0
   132             0
   133             0
   134             0
   135             0
   136             1
   137             0
   138             0
   139             1
   140             0
   141             0
   142             0
   143             0
   144             0
   145             0
   146             0
   147             0
   148             0
   149             0
   150             0
   151             0
   152             0
   153             0
   154             0
   155             0
   156             0
   157             0
   158             5
   159            64
   160           232
   161           492
   162           590
   163           599
   164           616
   165           576
   166           529
   167           572
   168           548
   169           509
   170           491
   171           450
   172           512
   173           448
   174           416
   175           428
   176           435
   177           421
   178           413
   179           395
   180           353
   181           355
   182           391
   183           329
   184           307
   185           312
   186           324
   187           305
   188           314
   189           299
   190           284
   191           297
   192           236
   193           268
   194           236
   195           252
   196           227
   197           199
   198           216
   199           182
   200           207
   201           190
   202           187
   203           184
   204           182
   205           146
   206           136
   207           162
   208           154
   209           150
   210           156
   211           140
   212           125
   213           120
   214           102
   215           127
   216           138
   217           103
   218           103
   219            91
   220            90
   221            89
   222            96
   223            70
   224            79
   225            79
   226            73
   227            83
   228            66
   229            77
   230            68
   231            74
   232            69
   233            50
   234            56
   235            56
   236            59
   237            53
   238            56
   239            52
   240            54
   241            55
   242            46
   243            41
   244            46
   245            52
   246            30
   247            43
   248            39
   249            44
   250            24
   251            41
   252            34
   253            30
   254            32
   255            32
   256            31
   257            25
   258            23
   259            31
   260            24
   261            33
   262            27
   263            19
   264            28
   265            23
   266            22
   267            13
   268            24
   269            18
   270            13
   271            15
   272            24
   273            10
   274            17
   275            13
   276            15
   277            14
   278            10
   279            16
   280             6
   281            11
   282            14
   283            12
   284            11
   285            14
   286            13
   287            12
   288            12
   289            16
   290             6
   291            12
   292            14
   293             9
   294             5
   295            15
   296             6
   297            14
   298            13
   299            11
   300             8
   301             8
   302             8
   303             3
   304             6
   305             5
   306             7
   307            10
   308             6
   309             6
   310             3
   311             7
   312             7
   313             8
   314             5
   315             7
   316             3
   317             2
   318             4
   319             5
   320             5
   321             4
   322             3
   323             5
   324             7
   325             4
   326             3
   327             3
   328             5
   329             3
   330             2
   331             6
   332             1
   333             2
   334             4
   335             1
   336             3
   337             2
   338             4
   339             2
   340             6
   341             2
   342             3
   343             1
   344             3
   345             3
   346             1
   347             4
   348             4
   349             2
   350             0
   351             2
   352             2
   353             2
   354             1
   355             5
   356             0
   357             0
   358             3
   359             3
   360             4
   361             3
   362             2
   363             3
   364             5
   365             0
   366             1
   367             1
   368             4
   369             2
   370             1
   371             7
   372             2
   373             0
   374             5
   375             1
   376             2
   377             3
   378             2
   379             0
   380             4
   381             6
   382             2
   383             0
   384             0
   385             4
   386             2
   387             0
   388             2
   389             6
   390             1
   391             1
   392             1
   393             5
   394             2
   395             1
   396             0
   397             2
   398             2
   399             1
   400             1
   401             1
   402             1
   403             4
   404             1
   405             1
   406             2
   407             1
   408             1
   409             1
   410             2
   411             0
   412             1
   413             1
   414             2
   415             1
   416             2
   417             1
   418             1
   419             1
   420             0
   421             1
   422             3
   423             0
   424             0
   425             2
   426             1
   427             2
   428             0
   429             3
   430             2
   431             1
   432             2
   433             0
   434             0
   435             0
   436             2
   437             1
   438             1
   439             0
   440             0
   441             1
   442             0
   443             2
   444             1
   445             1
   446             2
   447             1
   448             1
   449             1
   450             0
   451             0
   452             1
   453             1
   454             1
   455             1
   456             0
   457             1
   458             1
   459             3
   460             1
   461             1
   462             0
   463             1
   464             1
   465             1
   466             1
   467             1
   468             0
   469             2
   470             4
   471             2
   472             1
   473             0
   474             0
   475             0
   476             1
   477             3
   478             4
   479             0
   480             0
   481             1
   482             1
   483             1
   484             1
   485             1
   486             1
   487             0
   488             1
   489             0
   490             2
   491             0
   492             0
   493             1
   494             0
   495             2
   496             2
   497             3
   498             2
   499             1
   500             2
   501             0
   502             1
   503             2
   504             3
   505             2
   506             0
   507             1
   508             2
   509             0
   510             3
   511             4
   512             1
   513             1
   514             2
   515             0
   516             2
   517             0
   518             0
   519             1
   520             2
   521             2
   522             0
   523             2
   524             4
   525             2
   526             1
   527             1
   528             0
   529             0
   530             3
   531             4
   532             1
   533             0
   534             3
   535             0
   536             0
   537             1
   538             0
   539             1
   540             0
   541             1
   542             1
   543             1
   544             2
   545             2
   546             2
   547             1
   548             1
   549             0
   550             2
   551             0
   552             0
   553             3
   554             3
   555             2
   556             0
   557             3
   558             0
   559             2
   560             0
   561             0
   562             1
   563             0
   564             0
   565             1
   566             2
   567             1
   568             2
   569             0
   570             1
   571             3
   572             0
   573             1
   574             0
   575             1
   576             1
   577             1
   578             1
   579             2
   580             0
   581             0
   582             0
   583             1
   584             3
   585             0
   586             0
   587             1
   588             2
   589             2
   590             0
   591             0
   592             0
   593             3
   594             1
   595             2
   596             0
   597             1
   598             3
   599             3
   600             1
   601             1
   602             0
   603             2
   604             1
   605             2
   606             1
   607             4
   608             1
   609             1
   610             1
   611             2
   612             0
   613             1
   614             0
   615             2
   616             1
   617             3
   618             0
   619             4
   620             1
   621             0
   622             2
   623             3
   624             2
   625             1
   626             4
   627             1
   628             1
   629             0
   630             0
   631             2
   632             5
   633             0
   634             0
   635             3
   636             2
   637             2
   638             0
   639             3
   640             0
   641             1
   642             1
   643             1
   644             3
   645             0
   646             3
   647             0
   648             2
   649             1
   650             1
   651             0
   652             2
   653             1
   654             0
   655             0
   656             1
   657             3
   658             1
   659             3
   660             1
   661             2
   662             0
   663             0
   664             0
   665             2
   666             0
   667             3
   668             0
   669             2
   670             2
   671             0
   672             1
   673             0
   674             2
   675             1
   676             2
   677             1
   678             4
   679             2
   680             0
   681             2
   682             0
   683             2
   684             2
   685             1
   686             1
   687             0
   688             1
   689             2
   690             2
   691             1
   692             0
   693             0
   694             1
   695             1
   696             1
   697             1
   698             1
   699             1
   700             3
   701             0
   702             2
   703             5
   704             1
   705             1
   706             2
   707             0
   708             2
   709             0
   710             5
   711             3
   712             1
   713             0
   714             2
   715             0
   716             2
   717             2
   718             1
   719             1
   720             1
   721             5
   722             2
   723             2
   724             0
   725             0
   726             2
   727             5
   728             0
   729             0
   730             3
   731             2
   732             1
   733             1
   734             1
   735             3
   736             1
   737             4
   738             1
   739             2
   740             2
   741             3
   742             1
   743             1
   744             1
   745             2
   746             0
   747             2
   748             2
   749             1
   750             0
   751             2
   752             3
   753             3
   754             2
   755             1
   756             0
   757             1
   758             2
   759             0
   760             3
   761             0
   762             2
   763             0
   764             1
   765             2
   766             2
   767             1
   768             4
   769             1
   770             3
   771             1
   772             4
   773             0
   774             2
   775             1
   776             1
   777             1
   778             1
   779             2
   780             3
   781             0
   782             1
   783             1
   784             2
   785             2
   786             0
   787             0
   788             0
   789             0
   790             1
   791             1
   792             2
   793             1
   794             1
   795             3
   796             0
   797             2
   798             4
   799             1
   800             3
   801             0
   802             2
   803             2
   804             1
   805             3
   806             0
   807             0
   808             1
   809             2
   810             2
   811             0
   812             1
   813             1
   814             1
   815             1
   816             1
   817             2
   818             0
   819             1
   820             0
   821             3
   822             1
   823             0
   824             0
   825             0
   826             3
   827             4
   828             2
   829             0
   830             2
   831             2
   832             0
   833             1
   834             1
   835             0
   836             1
   837             1
   838             3
   839             0
   840             0
   841             1
   842             3
   843             0
   844             1
   845             0
   846             1
   847             0
   848             2
   849             2
   850             2
   851             3
   852             1
   853             0
   854             4
   855             0
   856             1
   857             1
   858             0
   859             1
   860             3
   861             2
   862             0
   863             3
   864             2
   865             6
   866             0
   867             0
   868             2
   869             1
   870             1
   871             0
   872             1
   873             1
   874             1
   875             1
   876             1
   877             2
   878             2
   879             0
   880             2
   881             4
   882             2
   883             0
   884             1
   885             5
   886             0
   887             2
   888             4
   889             1
   890             1
   891             0
   892             2
   893             1
   894             1
   895             2
   896             1
   897             3
   898             1
   899             1
   900             2
   901             1
   902             1
   903             0
   904             1
   905             2
   906             2
   907             1
   908             3
   909             0
   910             0
   911             1
   912             1
   913             1
   914             1
   915             1
   916             0
   917             0
   918             0
   919             1
   920             1
   921             1
   922             0
   923             1
   924             1
   925             1
   926             1
   927             1
   928             0
   929             1
   930             3
   931             1
   932             0
   933             1
   934             3
   935             0
   936             2
   937             2
   938             1
   939             0
   940             1
   941             3
   942             0
   943             0
   944             3
   945             1
   946             1
   947             0
   948             1
   949             0
   950             3
   951             4
   952             1
   953             2
   954             2
   955             0
   956             2
   957             0
   958             3
   959             3
   960             0
   961             1
   962             1
   963             0
   964             1
   965             2
   966             0
   967             1
   968             1
   969             2
   970             2
   971             5
   972             2
   973             1
   974             1
   975             1
   976             3
   977             0
   978             2
   979             3
   980             2
   981             1
   982             2
   983             1
   984             1
   985             2
   986             4
   987             2
   988             3
   989             3
   990             2
   991             1
   992             1
   993             3
   994             1
   995             3
   996             2
   997             1
   998             0
   999             0
  1000             3
  1001             2
  1002             1
  1003             0
  1004             1
  1005             1
  1006             2
  1007             0
  1008             3
  1009             3
  1010             2
  1011             1
  1012             0
  1013             2
  1014             4
  1015             3
  1016             2
  1017             2
  1018             2
  1019             1
  1020             3
  1021             1
  1022             0
  1023             0
  1024             2
  1025             2
  1026             0
  1027             4
  1028             2
  1029             2
  1030             3
  1031             0
  1032             1
  1033             1
  1034             2
  1035             3
  1036             2
  1037             1
  1038             0
  1039             4
  1040             2
  1041             3
  1042             0
  1043             4
  1044             1
  1045             0
  1046             2
  1047             2
  1048             1
  1049             0
  1050             1
  1051             1
  1052             1
  1053             0
  1054             0
  1055             0
  1056             3
  1057             2
  1058             2
  1059             1
  1060             1
  1061             2
  1062             2
  1063             1
  1064             2
  1065             1
  1066             1
  1067             1
  1068             1
  1069             1
  1070             3
  1071             2
  1072             3
  1073             1
  1074             2
  1075             5
  1076             1
  1077             2
  1078             1
  1079             1
  1080             1
  1081             3
  1082             1
  1083             2
  1084             0
  1085             1
  1086             0
  1087             0
  1088             1
  1089             1
  1090             2
  1091             2
  1092             1
  1093             3
  1094             1
  1095             2
  1096             2
  1097             1
  1098             1
  1099             2
  1100             1
  1101             2
  1102             3
  1103             0
  1104             3
  1105             4
  1106             1
  1107             0
  1108             3
  1109             0
  1110             1
  1111             1
  1112             0
  1113             0
  1114             3
  1115             2
  1116             2
  1117             2
  1118             0
  1119             1
  1120             2
  1121             2
  1122             0
  1123             2
  1124             1
  1125             1
  1126             1
  1127             1
  1128             1
  1129             1
  1130             1
  1131             4
  1132             2
  1133             1
  1134             3
  1135             1
  1136             2
  1137             1
  1138             1
  1139             0
  1140             1
  1141             1
  1142             4
  1143             1
  1144             5
  1145             0
  1146             0
  1147             1
  1148             1
  1149             1
  1150             2
  1151             2
  1152             1
  1153             2
  1154             0
  1155             2
  1156             2
  1157             1
  1158             1
  1159             0
  1160             3
  1161             1
  1162             1
  1163             1
  1164             0
  1165             6
  1166             1
  1167             1
  1168             4
  1169             0
  1170             2
  1171             2
  1172             3
  1173             1
  1174             0
  1175             0
  1176             3
  1177             1
  1178             3
  1179             2
  1180             1
  1181             1
  1182             5
  1183             2
  1184             0
  1185             2
  1186             2
  1187             1
  1188             2
  1189             1
  1190             1
  1191             1
  1192             3
  1193             2
  1194             2
  1195             1
  1196             1
  1197             0
  1198             2
  1199             2
  1200             2
  1201             1
  1202             1
  1203             2
  1204             2
  1205             2
  1206             1
  1207             4
  1208             1
  1209             0
  1210             3
  1211             2
  1212             6
  1213             2
  1214             1
  1215             0
  1216             2
  1217             3
  1218             2
  1219             0
  1220             0
  1221             3
  1222             1
  1223             2
  1224             0
  1225             1
  1226             3
  1227             1
  1228             1
  1229             2
  1230             1
  1231             2
  1232             0
  1233             1
  1234             3
  1235             0
  1236             1
  1237             1
  1238             1
  1239             1
  1240             2
  1241             1
  1242             2
  1243             3
  1244             1
  1245             2
  1246             1
  1247             5
  1248             1
  1249             1
  1250             3
  1251             1
  1252             2
  1253             1
  1254             0
  1255             0
  1256             1
  1257             1
  1258             0
  1259             1
  1260             2
  1261             4
  1262             1
  1263             1
  1264             0
  1265             1
  1266             2
  1267             0
  1268             3
  1269             1
  1270             2
  1271             0
  1272             1
  1273             1
  1274             1
  1275             3
  1276             3
  1277             1
  1278             3
  1279             2
  1280             1
  1281             1
  1282             2
  1283             3
  1284             1
  1285             2
  1286             1
  1287             0
  1288             1
  1289             1
  1290             2
  1291             1
  1292             1
  1293             4
  1294             2
  1295             1
  1296             0
  1297             5
  1298             2
  1299             1
  1300             2
  1301             2
  1302             5
  1303             2
  1304             2
  1305             0
  1306             2
  1307             0
  1308             2
  1309             3
  1310             3
  1311             2
  1312             1
  1313             0
  1314             2
  1315             0
  1316             1
  1317             3
  1318             0
  1319             3
  1320             0
  1321             3
  1322             3
  1323             3
  1324             1
  1325             1
  1326             1
  1327             1
  1328             1
  1329             2
  1330             1
  1331             1
  1332             1
  1333             3
  1334             1
  1335             1
  1336             2
  1337             0
  1338             2
  1339             2
  1340             2
  1341             2
  1342             1
  1343             1
  1344             2
  1345             1
  1346             3
  1347             3
  1348             2
  1349             0
  1350             2
  1351             2
  1352             1
  1353             1
  1354             2
  1355             2
  1356             0
  1357             2
  1358             2
  1359             0
  1360             0
  1361             1
  1362             3
  1363             1
  1364             0
  1365             1
  1366             4
  1367             0
  1368             0
  1369             0
  1370             2
  1371             3
  1372             2
  1373             1
  1374             3
  1375             3
  1376             1
  1377             0
  1378             1
  1379             1
  1380             1
  1381             1
  1382             1
  1383             5
  1384             2
  1385             2
  1386             1
  1387             0
  1388             4
  1389             1
  1390             2
  1391             1
  1392             3
  1393             2
  1394             2
  1395             0
  1396             2
  1397             1
  1398             0
  1399             4
  1400             0
  1401             2
  1402             0
  1403             5
  1404             2
  1405             2
  1406             1
  1407             0
  1408             3
  1409             3
  1410             0
  1411             2
  1412             0
  1413             1
  1414             1
  1415             1
  1416             0
  1417             1
  1418             0
  1419             2
  1420             2
  1421             0
  1422             2
  1423             3
  1424             3
  1425             4
  1426             3
  1427             1
  1428             4
  1429             2
  1430             0
  1431             3
  1432             1
  1433             3
  1434             0
  1435             1
  1436             2
  1437             2
  1438             2
  1439             1
  1440             1
  1441             2
  1442             1
  1443             3
  1444             1
  1445             4
  1446             1
  1447             3
  1448             3
  1449             1
  1450             1
  1451             1
  1452             1
  1453             0
  1454             0
  1455             1
  1456             1
  1457             1
  1458             4
  1459             3
  1460             1
  1461             1
  1462             3
  1463             0
  1464             0
  1465             6
  1466             0
  1467             1
  1468             0
  1469             3
  1470             4
  1471             2
  1472             2
  1473             0
  1474             1
  1475             0
  1476             1
  1477             1
  1478             2
  1479             4
  1480             0
  1481             1
  1482             4
  1483             3
  1484             1
  1485             3
  1486             1
  1487             3
  1488             5
  1489             1
  1490             1
  1491             1
  1492             2
  1493             1
  1494             0
  1495             2
  1496             2
  1497             3
  1498             2
  1499             2
  1500             1
  1501             1
  1502             0
  1503             5
  1504             0
  1505             2
  1506             1
  1507             2
  1508             5
  1509             3
  1510             2
  1511             2
  1512             0
  1513             1
  1514             3
  1515             3
  1516             2
  1517             3
  1518             1
  1519             1
  1520             1
  1521             1
  1522             1
  1523             0
  1524             2
  1525             1
  1526             1
  1527             3
  1528             2
  1529             2
  1530             0
  1531             4
  1532             1
  1533             0
  1534             1
  1535             1
  1536             3
  1537             3
  1538             2
  1539             1
  1540             1
  1541             1
  1542             3
  1543             2
  1544             2
  1545             5
  1546             1
  1547             0
  1548             5
  1549             0
  1550             2
  1551             0
  1552             0
  1553             3
  1554             3
  1555             3
  1556             3
  1557             3
  1558             2
  1559             1
  1560             3
  1561             2
  1562             1
  1563             2
  1564             2
  1565             1
  1566             2
  1567             1
  1568             1
  1569             1
  1570             0
  1571             2
  1572             3
  1573             2
  1574             1
  1575             1
  1576             5
  1577             2
  1578             1
  1579             1
  1580             3
  1581             1
  1582             2
  1583             2
  1584             0
  1585             0
  1586             3
  1587             1
  1588             1
  1589             2
  1590             3
  1591             3
  1592             2
  1593             2
  1594             1
  1595             2
  1596             2
  1597             2
  1598             2
  1599             1
  1600             0
  1601             1
  1602             3
  1603             0
  1604             0
  1605             3
  1606             1
  1607             3
  1608             1
  1609             1
  1610             3
  1611             3
  1612             0
  1613             5
  1614             2
  1615             2
  1616             0
  1617             6
  1618             2
  1619             2
  1620             1
  1621             4
  1622             3
  1623             3
  1624             1
  1625             1
  1626             1
  1627             4
  1628             2
  1629             6
  1630             3
  1631             1
  1632             1
  1633             0
  1634             2
  1635             1
  1636             1
  1637             2
  1638             4
  1639             3
  1640             1
  1641             1
  1642             0
  1643             0
  1644             3
  1645             0
  1646             2
  1647             2
  1648             2
  1649             1
  1650             2
  1651             3
  1652             4
  1653             2
  1654             3
  1655             4
  1656             3
  1657             2
  1658             2
  1659             3
  1660             2
  1661             4
  1662             5
  1663             3
  1664             2
  1665             3
  1666             1
  1667             1
  1668             2
  1669             4
  1670             2
  1671             2
  1672             0
  1673             2
  1674             2
  1675             2
  1676             2
  1677             6
  1678             3
  1679             1
  1680             3
  1681             4
  1682             4
  1683             5
  1684             5
  1685             3
  1686             4
  1687             1
  1688             6
  1689             7
  1690             4
  1691             1
  1692             5
  1693             1
  1694             1
  1695             2
  1696             3
  1697             1
  1698             3
  1699             2
  1700             2
  1701             2
  1702             3
  1703             1
  1704             5
  1705             4
  1706             3
  1707             5
  1708             0
  1709             0
  1710             6
  1711             1
  1712             6
  1713             2
  1714             1
  1715             5
  1716             4
  1717             2
  1718             2
  1719             3
  1720             7
  1721             3
  1722             2
  1723             4
  1724             4
  1725             1
  1726             2
  1727             3
  1728             2
  1729             1
  1730             3
  1731             2
  1732             0
  1733             3
  1734             2
  1735             3
  1736             3
  1737             0
  1738             2
  1739             4
  1740             3
  1741             5
  1742             5
  1743             3
  1744             1
  1745             5
  1746             2
  1747             1
  1748             3
  1749             0
  1750             3
  1751             2
  1752             1
  1753             1
  1754             3
  1755             2
  1756             4
  1757             2
  1758             2
  1759             4
  1760             3
  1761             1
  1762             6
  1763             4
  1764             3
  1765             1
  1766             3
  1767             0
  1768             3
  1769             3
  1770             3
  1771             2
  1772             1
  1773             1
  1774             3
  1775             2
  1776             5
  1777             3
  1778             3
  1779             1
  1780             3
  1781             5
  1782             5
  1783             3
  1784             5
  1785             6
  1786             5
  1787             3
  1788             1
  1789             2
  1790             1
  1791             3
  1792             4
  1793             2
  1794             4
  1795             5
  1796             4
  1797             3
  1798             7
  1799             1
  1800             3
  1801             4
  1802             8
  1803             3
  1804             4
  1805             5
  1806             2
  1807             2
  1808             4
  1809             4
  1810             2
  1811             3
  1812             6
  1813             5
  1814             5
  1815             5
  1816             3
  1817             6
  1818             3
  1819             5
  1820             7
  1821             3
  1822             3
  1823             2
  1824             3
  1825             2
  1826             4
  1827             5
  1828             5
  1829             4
  1830             3
  1831             5
  1832             5
  1833             2
  1834             4
  1835             4
  1836             1
  1837             7
  1838             5
  1839             5
  1840             4
  1841             2
  1842             4
  1843             6
  1844             8
  1845             3
  1846             4
  1847             2
  1848             5
  1849             5
  1850             5
  1851             6
  1852             2
  1853             3
  1854             2
  1855             4
  1856             5
  1857             4
  1858            11
  1859             5
  1860             3
  1861             6
  1862             6
  1863             3
  1864             6
  1865             5
  1866            10
  1867             4
  1868             3
  1869             3
  1870             8
  1871             3
  1872             4
  1873             8
  1874             5
  1875             5
  1876             5
  1877             9
  1878             6
  1879             7
  1880             6
  1881             9
  1882             5
  1883             9
  1884            10
  1885            10
  1886            10
  1887             7
  1888             9
  1889             9
  1890             6
  1891             3
  1892             6
  1893             7
  1894             9
  1895             9
  1896            12
  1897             6
  1898            10
  1899             8
  1900             9
  1901             6
  1902            10
  1903             4
  1904            12
  1905             7
  1906            10
  1907             9
  1908             9
  1909             9
  1910             8
  1911            11
  1912            13
  1913            16
  1914            10
  1915            16
  1916            13
  1917             8
  1918             9
  1919             4
  1920            10
  1921            11
  1922            14
  1923            18
  1924            11
  1925            13
  1926            18
  1927            12
  1928            17
  1929            14
  1930            16
  1931             8
  1932            15
  1933            20
  1934            13
  1935            19
  1936            15
  1937            23
  1938            16
  1939            21
  1940            17
  1941            26
  1942            14
  1943            19
  1944            22
  1945            22
  1946            13
  1947            19
  1948            21
  1949            26
  1950            26
  1951            26
  1952            33
  1953            25
  1954            36
  1955            25
  1956            20
  1957            23
  1958            26
  1959            37
  1960            32
  1961            33
  1962            23
  1963            37
  1964            29
  1965            36
  1966            44
  1967            23
  1968            31
  1969            41
  1970            43
  1971            42
  1972            46
  1973            52
  1974            35
  1975            55
  1976            56
  1977            53
  1978            42
  1979            43
  1980            45
  1981            47
  1982            50
  1983            64
  1984            41
  1985            56
  1986            61
  1987            52
  1988            63
  1989            63
  1990            56
  1991            61
  1992            58
  1993            65
  1994            66
  1995            81
  1996            60
  1997            61
  1998            57
  1999            66
  2000            76
  2001            80
  2002            58
  2003            87
  2004            64
  2005            82
  2006            83
  2007            67
  2008            93
  2009            86
  2010            78
  2011           100
  2012            83
  2013           101
  2014           106
  2015           105
  2016           104
  2017           115
  2018            97
  2019           113
  2020           106
  2021           109
  2022           119
  2023           105
  2024           138
  2025           139
  2026           120
  2027           131
  2028           127
  2029           135
  2030           136
  2031           174
  2032           140
  2033           164
  2034           141
  2035           167
  2036           167
  2037           185
  2038           179
  2039           178
  2040           192
  2041           201
  2042           180
  2043           170
  2044           197
  2045           198
  2046           227
  2047           204
  2048           220
  2049           255
  2050           222
  2051           226
  2052           233
  2053           238
  2054           266
  2055           260
  2056           243
  2057           271
  2058           291
  2059           297
  2060           281
  2061           261
  2062           303
  2063           276
  2064           316
  2065           316
  2066           278
  2067           295
  2068           344
  2069           323
  2070           308
  2071           339
  2072           286
  2073           326
  2074           340
  2075           327
  2076           325
  2077           330
  2078           331
  2079           324
  2080           306
  2081           386
  2082           330
  2083           365
  2084           331
  2085           346
  2086           345
  2087           334
  2088           379
  2089           318
  2090           370
  2091           325
  2092           343
  2093           341
  2094           319
  2095           354
  2096           338
  2097           305
  2098           275
  2099           316
  2100           335
  2101           299
  2102           285
  2103           297
  2104           258
  2105           283
  2106           279
  2107           288
  2108           260
  2109           250
  2110           253
  2111           249
  2112           251
  2113           231
  2114           225
  2115           220
  2116           192
  2117           207
  2118           202
  2119           199
  2120           175
  2121           189
  2122           180
  2123           166
  2124           171
  2125           189
  2126           153
  2127           145
  2128           149
  2129           135
  2130           120
  2131           122
  2132           102
  2133           104
  2134           101
  2135            94
  2136            94
  2137            85
  2138            86
  2139            81
  2140            98
  2141            81
  2142            73
  2143            77
  2144            71
  2145            75
  2146            46
  2147            59
  2148            45
  2149            52
  2150            52
  2151            36
  2152            47
  2153            48
  2154            38
  2155            37
  2156            41
  2157            22
  2158            35
  2159            31
  2160            28
  2161            21
  2162            16
  2163            22
  2164            12
  2165            14
  2166            12
  2167            13
  2168            21
  2169            15
  2170            19
  2171            14
  2172            13
  2173            15
  2174            11
  2175             8
  2176            11
  2177             7
  2178            14
  2179             9
  2180            14
  2181             8
  2182            10
  2183            10
  2184             7
  2185            12
  2186             6
  2187            10
  2188             7
  2189             8
  2190             8
  2191             3
  2192             5
  2193             9
  2194            13
  2195             3
  2196             4
  2197            12
  2198             7
  2199            10
  2200            11
  2201            10
  2202            11
  2203             4
  2204             8
  2205             4
  2206             7
  2207             5
  2208            10
  2209             8
  2210             4
  2211             7
  2212            12
  2213             5
  2214            13
  2215             9
  2216             7
  2217             6
  2218            15
  2219             9
  2220            11
  2221            12
  2222             9
  2223            14
  2224             8
  2225            12
  2226            11
  2227            15
  2228             7
  2229            14
  2230            10
  2231            13
  2232            13
  2233             9
  2234             9
  2235            15
  2236            23
  2237            10
  2238            20
  2239            18
  2240            19
  2241            18
  2242            14
  2243            11
  2244            20
  2245            21
  2246            20
  2247            24
  2248            16
  2249            25
  2250            18
  2251            11
  2252            26
  2253            20
  2254            29
  2255            26
  2256            15
  2257            31
  2258            30
  2259            25
  2260            44
  2261            19
  2262            29
  2263            36
  2264            30
  2265            40
  2266            34
  2267            38
  2268            38
  2269            33
  2270            46
  2271            41
  2272            45
  2273            48
  2274            35
  2275            50
  2276            32
  2277            46
  2278            45
  2279            51
  2280            44
  2281            52
  2282            50
  2283            61
  2284            57
  2285            45
  2286            65
  2287            66
  2288            72
  2289            57
  2290            63
  2291            84
  2292            64
  2293            70
  2294            78
  2295            76
  2296            95
  2297            72
  2298            78
  2299            91
  2300            92
  2301            82
  2302            94
  2303           104
  2304           124
  2305           115
  2306            99
  2307            97
  2308           113
  2309           107
  2310           126
  2311           100
  2312           135
  2313           123
  2314           127
  2315           131
  2316           120
  2317           134
  2318           137
  2319           153
  2320           137
  2321           173
  2322           152
  2323           164
  2324           177
  2325           174
  2326           170
  2327           166
  2328           182
  2329           166
  2330           201
  2331           213
  2332           196
  2333           186
  2334           205
  2335           188
  2336           206
  2337           166
  2338           200
  2339           216
  2340           219
  2341           203
  2342           233
  2343           223
  2344           241
  2345           222
  2346           225
  2347           241
  2348           214
  2349           233
  2350           223
  2351           260
  2352           262
  2353           268
  2354           234
  2355           273
  2356           236
  2357           224
  2358           236
  2359           255
  2360           245
  2361           265
  2362           245
  2363           257
  2364           231
  2365           269
  2366           260
  2367           266
  2368           278
  2369           225
  2370           261
  2371           242
  2372           270
  2373           251
  2374           244
  2375           231
  2376           253
  2377           258
  2378           271
  2379           229
  2380           243
  2381           226
  2382           245
  2383           231
  2384           199
  2385           250
  2386           254
  2387           220
  2388           246
  2389           255
  2390           222
  2391           234
  2392           227
  2393           242
  2394           212
  2395           229
  2396           264
  2397           253
  2398           203
  2399           234
  2400           262
  2401           248
  2402           231
  2403           242
  2404           258
  2405           242
  2406           231
  2407           257
  2408           260
  2409           278
  2410           274
  2411           242
  2412           265
  2413           328
  2414           293
  2415           271
  2416           271
  2417           299
  2418           283
  2419           279
  2420           308
  2421           301
  2422           320
  2423           316
  2424           316
  2425           285
  2426           324
  2427           339
  2428           321
  2429           358
  2430           316
  2431           332
  2432           330
  2433           348
  2434           303
  2435           319
  2436           335
  2437           360
  2438           326
  2439           355
  2440           340
  2441           352
  2442           333
  2443           326
  2444           343
  2445           349
  2446           354
  2447           355
  2448           326
  2449           330
  2450           361
  2451           327
  2452           320
  2453           319
  2454           332
  2455           313
  2456           317
  2457           316
  2458           320
  2459           295
  2460           297
  2461           345
  2462           311
  2463           279
  2464           275
  2465           288
  2466           304
  2467           276
  2468           256
  2469           294
  2470           266
  2471           245
  2472           258
  2473           241
  2474           257
  2475           217
  2476           229
  2477           206
  2478           180
  2479           184
  2480           178
  2481           182
  2482           165
  2483           195
  2484           163
  2485           155
  2486           156
  2487           159
  2488           148
  2489           152
  2490           124
  2491           113
  2492           121
  2493           106
  2494           106
  2495            84
  2496           107
  2497            78
  2498            82
  2499            68
  2500            72
  2501            85
  2502            48
  2503            84
  2504            61
  2505            49
  2506            40
  2507            39
  2508            53
  2509            38
  2510            37
  2511            48
  2512            40
  2513            24
  2514            32
  2515            26
  2516            29
  2517            15
  2518            30
  2519            31
  2520            18
  2521            13
  2522            17
  2523            22
  2524            12
  2525            17
  2526            14
  2527            12
  2528            12
  2529            11
  2530             7
  2531             9
  2532            12
  2533             8
  2534            10
  2535             5
  2536             4
  2537             8
  2538             6
  2539            12
  2540             8
  2541            10
  2542            10
  2543            10
  2544             8
  2545            11
  2546             5
  2547            17
  2548             8
  2549             9
  2550             9
  2551            12
  2552            13
  2553            10
  2554             9
  2555             8
  2556            14
  2557             8
  2558             7
  2559             6
  2560            12
  2561            11
  2562             3
  2563            13
  2564            10
  2565            14
  2566            15
  2567             7
  2568            10
  2569            14
  2570            10
  2571            13
  2572            16
  2573            10
  2574            21
  2575            15
  2576            22
  2577            16
  2578            10
  2579            13
  2580             7
  2581            13
  2582            19
  2583            23
  2584            21
  2585            27
  2586            22
  2587            23
  2588            24
  2589            15
  2590            20
  2591            28
  2592            28
  2593            31
  2594            26
  2595            21
  2596            28
  2597            20
  2598            22
  2599            37
  2600            22
  2601            41
  2602            26
  2603            33
  2604            34
  2605            36
  2606            29
  2607            46
  2608            38
  2609            45
  2610            50
  2611            52
  2612            31
  2613            40
  2614            43
  2615            46
  2616            39
  2617            53
  2618            62
  2619            48
  2620            52
  2621            54
  2622            46
  2623            64
  2624            77
  2625            52
  2626            78
  2627            67
  2628            79
  2629            64
  2630           106
  2631            78
  2632            99
  2633           105
  2634           102
  2635            97
  2636           107
  2637            99
  2638           120
  2639           107
  2640           114
  2641           114
  2642           112
  2643           116
  2644           121
  2645           138
  2646           144
  2647           147
  2648           154
  2649           188
  2650           143
  2651           150
  2652           168
  2653           148
  2654           178
  2655           180
  2656           211
  2657           188
  2658           208
  2659           213
  2660           188
  2661           214
  2662           200
  2663           230
  2664           209
  2665           231
  2666           255
  2667           230
  2668           238
  2669           243
  2670           286
  2671           290
  2672           268
  2673           292
  2674           259
  2675           289
  2676           261
  2677           292
  2678           308
  2679           288
  2680           321
  2681           301
  2682           327
  2683           320
  2684           298
  2685           300
  2686           296
  2687           358
  2688           336
  2689           359
  2690           358
  2691           339
  2692           334
  2693           371
  2694           360
  2695           336
  2696           328
  2697           363
  2698           369
  2699           311
  2700           355
  2701           370
  2702           334
  2703           382
  2704           352
  2705           344
  2706           315
  2707           345
  2708           348
  2709           350
  2710           357
  2711           297
  2712           309
  2713           299
  2714           318
  2715           329
  2716           308
  2717           302
  2718           312
  2719           314
  2720           263
  2721           292
  2722           263
  2723           269
  2724           261
  2725           279
  2726           264
  2727           239
  2728           256
  2729           209
  2730           237
  2731           194
  2732           208
  2733           194
  2734           213
  2735           193
  2736           163
  2737           186
  2738           174
  2739           185
  2740           149
  2741           138
  2742           127
  2743           155
  2744           111
  2745           112
  2746           101
  2747           126
  2748           103
  2749            96
  2750            84
  2751           100
  2752            75
  2753            72
  2754            80
  2755            79
  2756            63
  2757            65
  2758            54
  2759            55
  2760            46
  2761            54
  2762            44
  2763            48
  2764            38
  2765            26
  2766            35
  2767            29
  2768            27
  2769            21
  2770            22
  2771            19
  2772            27
  2773            20
  2774            16
  2775            22
  2776            12
  2777            11
  2778            13
  2779            16
  2780            13
  2781            12
  2782             8
  2783            10
  2784             8
  2785             5
  2786             2
  2787             6
  2788             6
  2789             8
  2790             4
  2791             6
  2792             4
  2793             2
  2794             1
  2795             3
  2796             1
  2797             7
  2798             1
  2799             2
  2800             1
  2801             1
  2802             0
  2803             2
  2804             3
  2805             2
  2806             0
  2807             1
  2808             1
  2809             1
  2810             0
  2811             2
  2812             1
  2813             2
  2814             1
  2815             1
  2816             2
  2817             1
  2818             1
  2819             1
  2820             1
  2821             2
  2822             2
  2823             2
  2824             1
  2825             1
  2826             2
  2827             0
  2828             2
  2829             0
  2830             0
  2831             0
  2832             2
  2833             2
  2834             0
  2835             0
  2836             0
  2837             1
  2838             0
  2839             0
  2840             1
  2841             2
  2842             1
  2843             2
  2844             0
  2845             3
  2846             0
  2847             1
  2848             1
  2849             1
  2850             0
  2851             0
  2852             1
  2853             1
  2854             1
  2855             1
  2856             2
  2857             1
  2858             0
  2859             0
  2860             1
  2861             1
  2862             1
  2863             0
  2864             2
  2865             0
  2866             0
  2867             0
  2868             0
  2869             1
  2870             0
  2871             0
  2872             1
  2873             0
  2874             1
  2875             1
  2876             1
  2877             0
  2878             2
  2879             0
  2880             2
  2881             0
  2882             0
  2883             1
  2884             1
  2885             2
  2886             0
  2887             0
  2888             0
  2889             1
  2890             3
  2891             0
  2892             0
  2893             4
  2894             0
  2895             1
  2896             2
  2897             2
  2898             2
  2899             1
  2900             1
  2901             0
  2902             0
  2903             1
  2904             0
  2905             0
  2906             1
  2907             1
  2908             1
  2909             2
  2910             0
  2911             0
  2912             0
  2913             0
  2914             0
  2915             0
  2916             0
  2917             1
  2918             0
  2919             1
  2920             2
  2921             0
  2922             2
  2923             0
  2924             1
  2925             1
  2926             2
  2927             0
  2928             3
  2929             1
  2930             0
  2931             1
  2932             0
  2933             1
  2934             1
  2935             0
  2936             1
  2937             0
  2938             1
  2939             0
  2940             0
  2941             0
  2942             0
  2943             1
  2944             0
  2945             1
  2946             0
  2947             1
  2948             0
  2949             1
  2950             1
  2951             1
  2952             2
  2953             0
  2954             1
  2955             0
  2956             1
  2957             2
  2958             0
  2959             0
  2960             1
  2961             0
  2962             1
  2963             0
  2964             0
  2965             0
  2966             0
  2967             1
  2968             1
  2969             1
  2970             0
  2971             0
  2972             2
  2973             1
  2974             0
  2975             0
  2976             0
  2977             1
  2978             3
  2979             0
  2980             2
  2981             1
  2982             0
  2983             1
  2984             0
  2985             1
  2986             2
  2987             3
  2988             0
  2989             0
  2990             0
  2991             0
  2992             0
  2993             2
  2994             0
  2995             2
  2996             1
  2997             1
  2998             1
  2999             1
  3000             1
  3001             0
  3002             1
  3003             1
  3004             2
  3005             0
  3006             2
  3007             1
  3008             1
  3009             1
  3010             0
  3011             1
  3012             0
  3013             2
  3014             0
  3015             2
  3016             1
  3017             2
  3018             2
  3019             0
  3020             0
  3021             1
  3022             2
  3023             0
  3024             2
  3025             1
  3026             2
  3027             1
  3028             1
  3029             2
  3030             2
  3031             1
  3032             2
  3033             1
  3034             3
  3035             0
  3036             0
  3037             1
  3038             1
  3039             1
  3040             1
  3041             2
  3042             0
  3043             1
  3044             0
  3045             2
  3046             1
  3047             2
  3048             0
  3049             1
  3050             0
  3051             1
  3052             1
  3053             1
  3054             0
  3055             0
  3056             1
  3057             0
  3058             3
  3059             1
  3060             1
  3061             3
  3062             0
  3063             0
  3064             1
  3065             0
  3066             2
  3067             0
  3068             0
  3069             0
  3070             0
  3071             0
  3072             1
  3073             0
  3074             1
  3075             0
  3076             0
  3077             1
  3078             1
  3079             0
  3080             3
  3081             0
  3082             3
  3083             1
  3084             1
  3085             3
  3086             2
  3087             2
  3088             1
  3089             1
  3090             0
  3091             3
  3092             2
  3093             0
  3094             0
  3095             0
  3096             0
  3097             1
  3098             2
  3099             0
  3100             1
  3101             1
  3102             0
  3103             2
  3104             0
  3105             1
  3106             0
  3107             2
  3108             2
  3109             1
  3110             1
  3111             0
  3112             0
  3113             2
  3114             1
  3115             1
  3116             1
  3117             1
  3118             2
  3119             1
  3120             2
  3121             0
  3122             2
  3123             5
  3124             0
  3125             0
  3126             1
  3127             0
  3128             0
  3129             1
  3130             0
  3131             2
  3132             2
  3133             0
  3134             1
  3135             1
  3136             1
  3137             2
  3138             2
  3139             0
  3140             3
  3141             2
  3142             1
  3143             0
  3144             0
  3145             1
  3146             0
  3147             1
  3148             1
  3149             2
  3150             1
  3151             1
  3152             2
  3153             2
  3154             0
  3155             2
  3156             0
  3157             3
  3158             0
  3159             1
  3160             0
  3161             2
  3162             0
  3163             2
  3164             0
  3165             0
  3166             1
  3167             0
  3168             2
  3169             0
  3170             0
  3171             0
  3172             2
  3173             0
  3174             1
  3175             2
  3176             1
  3177             0
  3178             0
  3179             0
  3180             0
  3181             2
  3182             1
  3183             0
  3184             2
  3185             0
  3186             2
  3187             1
  3188             0
  3189             1
  3190             1
  3191             3
  3192             2
  3193             1
  3194             1
  3195             1
  3196             0
  3197             1
  3198             3
  3199             2
  3200             2
  3201             2
  3202             3
  3203             0
  3204             0
  3205             1
  3206             0
  3207             0
  3208             1
  3209             3
  3210             2
  3211             2
  3212             1
  3213             1
  3214             1
  3215             1
  3216             2
  3217             0
  3218             0
  3219             1
  3220             2
  3221             2
  3222             1
  3223             0
  3224             0
  3225             1
  3226             2
  3227             2
  3228             0
  3229             1
  3230             1
  3231             0
  3232             0
  3233             2
  3234             3
  3235             1
  3236             4
  3237             0
  3238             1
  3239             1
  3240             1
  3241             3
  3242             5
  3243             1
  3244             1
  3245             1
  3246             1
  3247             0
  3248             1
  3249             0
  3250             1
  3251             2
  3252             0
  3253             0
  3254             2
  3255             0
  3256             3
  3257             4
  3258             0
  3259             1
  3260             0
  3261             3
  3262             1
  3263             2
  3264             1
  3265             2
  3266             0
  3267             2
  3268             1
  3269             2
  3270             1
  3271             2
  3272             1
  3273             5
  3274             2
  3275             1
  3276             1
  3277             0
  3278             1
  3279             2
  3280             1
  3281             0
  3282             3
  3283             1
  3284             2
  3285             2
  3286             2
  3287             2
  3288             2
  3289             1
  3290             1
  3291             1
  3292             3
  3293             3
  3294             2
  3295             3
  3296             0
  3297             3
  3298             1
  3299             2
  3300             2
  3301             1
  3302             1
  3303             1
  3304             5
  3305             4
  3306             2
  3307             1
  3308             5
  3309             4
  3310             2
  3311             1
  3312             4
  3313             1
  3314             2
  3315             1
  3316             5
  3317             2
  3318             2
  3319             3
  3320             2
  3321             1
  3322             0
  3323             1
  3324             5
  3325             2
  3326             1
  3327             2
  3328             3
  3329             2
  3330             4
  3331             3
  3332             5
  3333             2
  3334             2
  3335             2
  3336             2
  3337             7
  3338             2
  3339             5
  3340             3
  3341             6
  3342             2
  3343             3
  3344             3
  3345             5
  3346             6
  3347             2
  3348             5
  3349             5
  3350             5
  3351             4
  3352             5
  3353             3
  3354             6
  3355             5
  3356             6
  3357             6
  3358             7
  3359             7
  3360             9
  3361             7
  3362             6
  3363             8
  3364             9
  3365             3
  3366             6
  3367             6
  3368            11
  3369             8
  3370             5
  3371             7
  3372            12
  3373             8
  3374            10
  3375             8
  3376             7
  3377             5
  3378             9
  3379            22
  3380            10
  3381            13
  3382             5
  3383            11
  3384            12
  3385            11
  3386            12
  3387            21
  3388            15
  3389            11
  3390            14
  3391            18
  3392            15
  3393             9
  3394            17
  3395            14
  3396            17
  3397            20
  3398            18
  3399            15
  3400            34
  3401            22
  3402            20
  3403            29
  3404            29
  3405            25
  3406            20
  3407            13
  3408            20
  3409            27
  3410            29
  3411            25
  3412            29
  3413            31
  3414            23
  3415            29
  3416            36
  3417            33
  3418            29
  3419            42
  3420            37
  3421            46
  3422            48
  3423            43
  3424            43
  3425            45
  3426            53
  3427            46
  3428            43
  3429            44
  3430            58
  3431            60
  3432            52
  3433            53
  3434            69
  3435            59
  3436            76
  3437            67
  3438            71
  3439            83
  3440            70
  3441            81
  3442            79
  3443            83
  3444            94
  3445            96
  3446            99
  3447           113
  3448           104
  3449           114
  3450           108
  3451           119
  3452           130
  3453           105
  3454           121
  3455           146
  3456           129
  3457           139
  3458           159
  3459           150
  3460           155
  3461           157
  3462           159
  3463           175
  3464           162
  3465           174
  3466           184
  3467           183
  3468           203
  3469           201
  3470           192
  3471           227
  3472           212
  3473           208
  3474           199
  3475           208
  3476           265
  3477           233
  3478           211
  3479           270
  3480           246
  3481           287
  3482           246
  3483           295
  3484           307
  3485           276
  3486           286
  3487           281
  3488           325
  3489           284
  3490           286
  3491           316
  3492           321
  3493           300
  3494           334
  3495           315
  3496           333
  3497           297
  3498           365
  3499           346
  3500           358
  3501           351
  3502           356
  3503           357
  3504           342
  3505           358
  3506           337
  3507           316
  3508           374
  3509           358
  3510           383
  3511           357
  3512           344
  3513           320
  3514           345
  3515           339
  3516           336
  3517           322
  3518           342
  3519           320
  3520           313
  3521           307
  3522           348
  3523           329
  3524           351
  3525           319
  3526           317
  3527           304
  3528           284
  3529           315
  3530           290
  3531           278
  3532           266
  3533           266
  3534           248
  3535           252
  3536           301
  3537           257
  3538           227
  3539           221
  3540           216
  3541           231
  3542           227
  3543           210
  3544           213
  3545           195
  3546           200
  3547           193
  3548           156
  3549           187
  3550           162
  3551           155
  3552           143
  3553           136
  3554           149
  3555           137
  3556           127
  3557           105
  3558           109
  3559           111
  3560            99
  3561           102
  3562            76
  3563            96
  3564            89
  3565            70
  3566            68
  3567            57
  3568            66
  3569            49
  3570            55
  3571            46
  3572            47
  3573            44
  3574            34
  3575            27
  3576            26
  3577            33
  3578            24
  3579            28
  3580            23
  3581            24
  3582            26
  3583            23
  3584            21
  3585            15
  3586            16
  3587            19
  3588            13
  3589            14
  3590            14
  3591            17
  3592             7
  3593             7
  3594            10
  3595             7
  3596             5
  3597             2
  3598             6
  3599             4
  3600             3
  3601             4
  3602             6
  3603             3
  3604             3
  3605             5
  3606             0
  3607             1
  3608             2
  3609             2
  3610             1
  3611             3
  3612             1
  3613             3
  3614             1
  3615             3
  3616             2
  3617             1
  3618             2
  3619             0
  3620             0
  3621             1
  3622             1
  3623             0
  3624             1
  3625             1
  3626             1
  3627             1
  3628             1
  3629             0
  3630             0
  3631             1
  3632             0
  3633             0
  3634             0
  3635             0
  3636             0
  3637             0
  3638             0
  3639             0
  3640             0
  3641             0
  3642             1
  3643             0
  3644             1
  3645             0
  3646             0
  3647             0
  3648             1
  3649             0
  3650             0
  3651             0
  3652             0
  3653             1
  3654             0
  3655             0
  3656             0
  3657             0
  3658             0
  3659             0
  3660             0
  3661             0
  3662             0
  3663             0
  3664             0
  3665             1
  3666             0
  3667             0
  3668             0
  3669             0
  3670             0
  3671             0
  3672             0
  3673             0
  3674             0
  3675             0
  3676             0
  3677             0
  3678             0
  3679             0
  3680             0
  3681             1
  3682             0
  3683             0
  3684             0
  3685             0
  3686             1
  3687             0
  3688             0
  3689             0
  3690             0
  3691             0
  3692             0
  3693             0
  3694             0
  3695             0
  3696             1
  3697             0
  3698             0
  3699             0
  3700             0
  3701             1
  3702             1
  3703             1
  3704             1
  3705             0
  3706             0
  3707             1
  3708             0
  3709             0
  3710             0
  3711             0
  3712             0
  3713             0
  3714             1
  3715             0
  3716             0
  3717             0
  3718             1
  3719             0
  3720             0
  3721             0
  3722             0
  3723             0
  3724             0
  3725             0
  3726             0
  3727             0
  3728             0
  3729             0
  3730             0
  3731             0
  3732             0
  3733             0
  3734             0
  3735             0
  3736             0
  3737             0
  3738             0
  3739             0
  3740             0
  3741             0
  3742             0
  3743             0
  3744             0
  3745             0
  3746             0
  3747             0
  3748             0
  3749             0
  3750             1
  3751             0
  3752             0
  3753             1
  3754             0
  3755             0
  3756             1
  3757             0
  3758             1
  3759             1
  3760             0
  3761             0
  3762             0
  3763             0
  3764             0
  3765             0
  3766             0
  3767             0
  3768             0
  3769             0
  3770             1
  3771             0
  3772             0
  3773             0
  3774             0
  3775             0
  3776             0
  3777             0
  3778             0
  3779             1
  3780             0
  3781             1
  3782             0
  3783             0
  3784             0
  3785             0
  3786             1
  3787             0
  3788             0
  3789             0
  3790             0
  3791             0
  3792             0
  3793             0
  3794             0
  3795             0
  3796             0
  3797             0
  3798             0
  3799             0
  3800             0
  3801             0
  3802             0
  3803             0
  3804             0
  3805             0
  3806             1
  3807             1
  3808             0
  3809             1
  3810             0
  3811             0
  3812             0
  3813             0
  3814             0
  3815             0
  3816             1
  3817             2
  3818             0
  3819             0
  3820             0
  3821             0
  3822             0
  3823             0
  3824             2
  3825             0
  3826             2
  3827             0
  3828             0
  3829             0
  3830             0
  3831             0
  3832             0
  3833             0
  3834             0
  3835             0
  3836             0
  3837             0
  3838             0
  3839             0
  3840             0
  3841             0
  3842             0
  3843             0
  3844             1
  3845             0
  3846             0
  3847             0
  3848             0
  3849             0
  3850             0
  3851             0
  3852             0
  3853             0
  3854             0
  3855             0
  3856             0
  3857             0
  3858             0
  3859             0
  3860             1
  3861             1
  3862             1
  3863             0
  3864             1
  3865             1
  3866             1
  3867             0
  3868             0
  3869             0
  3870             0
  3871             0
  3872             0
  3873             0
  3874             0
  3875             0
  3876             0
  3877             0
  3878             0
  3879             0
  3880             0
  3881             0
  3882             0
  3883             0
  3884             0
  3885             0
  3886             0
  3887             1
  3888             0
  3889             0
  3890             0
  3891             0
  3892             0
  3893             0
  3894             1
  3895             0
  3896             0
  3897             1
  3898             0
  3899             0
  3900             0
  3901             1
  3902             0
  3903             0
  3904             1
  3905             1
  3906             0
  3907             0
  3908             1
  3909             0
  3910             0
  3911             0
  3912             1
  3913             0
  3914             0
  3915             1
  3916             0
  3917             0
  3918             0
  3919             0
  3920             0
  3921             0
  3922             0
  3923             0
  3924             0
  3925             0
  3926             0
  3927             1
  3928             1
  3929             0
  3930             0
  3931             0
  3932             1
  3933             0
  3934             0
  3935             0
  3936             0
  3937             1
  3938             0
  3939             1
  3940             0
  3941             0
  3942             0
  3943             0
  3944             0
  3945             0
  3946             0
  3947             0
  3948             0
  3949             0
  3950             0
  3951             0
  3952             0
  3953             0
  3954             0
  3955             0
  3956             0
  3957             0
  3958             0
  3959             0
  3960             1
  3961             0
  3962             2
  3963             0
  3964             0
  3965             0
  3966             1
  3967             1
  3968             0
  3969             0
  3970             0
  3971             0
  3972             0
  3973             0
  3974             0
  3975             0
  3976             1
  3977             0
  3978             0
  3979             2
  3980             0
  3981             0
  3982             0
  3983             1
  3984             0
  3985             0
  3986             0
  3987             0
  3988             2
  3989             0
  3990             1
  3991             0
  3992             1
  3993             0
  3994             0
  3995             0
  3996             0
  3997             2
  3998             0
  3999             0
  4000             0
  4001             0
  4002             0
  4003             0
  4004             1
  4005             0
  4006             0
  4007             0
  4008             0
  4009             0
  4010             0
  4011             0
  4012             1
  4013             0
  4014             0
  4015             0
  4016             1
  4017             1
  4018             0
  4019             0
  4020             0
  4021             0
  4022             1
  4023             1
  4024             0
  4025             0
  4026             1
  4027             1
  4028             0
  4029             0
  4030             0
  4031             0
  4032             0
  4033             0
  4034             1
  4035             0
  4036             0
  4037             0
  4038             0
  4039             0
  4040             0
  4041             2
  4042             1
  4043             0
  4044             0
  4045             0
  4046             0
  4047             0
  4048             0
  4049             0
  4050             0
  4051             1
  4052             1
  4053             0
  4054             0
  4055             0
  4056             1
  4057             0
  4058             0
  4059             0
  4060             0
  4061             0
  4062             0
  4063             0
  4064             1
  4065             0
  4066             0
  4067             0
  4068             0
  4069             2
  4070             0
  4071             0
  4072             0
  4073             0
  4074             0
  4075             0
  4076             0
  4077             0
  4078             0
  4079             1
  4080             0
  4081             0
  4082             0
  4083             0
  4084             0
  4085             0
  4086             0
  4087             0
  4088             1
  4089             0
  4090             0
  4091             0
  4092             0
  4093             0
  4094             0
  4095             0
