     0             0
     1             0
     2             0
     3             0
     4             0
     5             0
     6             0
     7             0
     8             0
     9             0
    10             0
    11             0
    12             0
    13             0
    14             0
    15             0
    16             0
    17             0
    18             0
    19             0
    20             0
    21             0
    22             0
    23             0
    24             0
    25             0
    26             0
    27             0
    28             0
    29             0
    30             0
    31             0
    32             0
    33             0
    34             0
    35             0
    36             0
    37             0
    38             0
    39             0
    40             0
    41             0
    42             0
    43             0
    44             0
    45             0
    46             0
    47             0
    48             0
    49             0
    50             0
    51             0
    52             0
    53             0
    54             0
    55             0
    56             0
    57             0
    58             0
    59             0
    60             0
    61             0
    62             0
    63             0
    64             0
    65             0
    66             0
    67             0
    68             0
    69             0
    70             0
    71             0
    72             0
    73             0
    74             0
    75             0
    76             0
    77             0
    78             0
    79             0
    80             0
    81             0
    82             0
    83             0
    84             0
    85             0
    86             0
    87             0
    88             0
    89             0
    90             0
    91             0
    92             0
    93             0
    94             0
    95             0
    96             0
    97             0
    98             0
    99             0
   100             0
   101             0
   102             0
   103             0
   104             0
   105             0
   106             0
   107             0
   108             0
   109             0
   110             0
   111             0
   112             0
   113             0
   114             0
   115             0
   116             0
   117             0
   118             0
   119             0
   120             0
   121             0
   122             0
   123             0
   124             0
   125             0
   126             0
   127             0
   128             0
   129             0
   130             0
   131             0
   132             0
   133             0
   134             0
   135             0
   136             0
   137             0
   138             0
   139             0
   140             0
   141             0
   142             0
   143             0
   144             0
   145             1
   146             0
   147             1
   148             0
   149             0
   150             1
   151             0
   152             0
   153             0
   154             1
   155             0
   156             0
   157             0
   158             2
   159             2
   160             6
   161            26
   162            31
   163            42
   164            42
   165            38
   166            26
   167            23
   168            23
   169            29
   170            21
   171            25
   172            18
   173            19
   174            24
   175            15
   176            16
   177            14
   178            20
   179            11
   180            15
   181            11
   182             8
   183            12
   184             8
   185            10
   186            16
   187             9
   188            12
   189            10
   190             8
   191             8
   192             5
   193             5
   194            11
   195             8
   196            12
   197             6
   198            11
   199             8
   200             5
   201            10
   202             8
   203             7
   204             1
   205             4
   206             5
   207             3
   208             4
   209             5
   210             4
   211             7
   212             4
   213             2
   214             7
   215             3
   216             0
   217             4
   218             4
   219             3
   220             5
   221             3
   222             4
   223             6
   224             2
   225             2
   226             6
   227             3
   228             4
   229             4
   230             3
   231             2
   232             3
   233             3
   234             2
   235             3
   236             1
   237             1
   238             1
   239             1
   240             0
   241             4
   242             2
   243             3
   244             3
   245             4
   246             0
   247             1
   248             2
   249             3
   250             2
   251             3
   252             0
   253             3
   254             1
   255             2
   256             3
   257             2
   258             1
   259             1
   260             1
   261             1
   262             2
   263             1
   264             0
   265             0
   266             1
   267             2
   268             2
   269             4
   270             3
   271             2
   272             3
   273             0
   274             2
   275             3
   276             1
   277             1
   278             1
   279             2
   280             2
   281             2
   282             0
   283             2
   284             3
   285             1
   286             3
   287             2
   288             0
   289             0
   290             0
   291             1
   292             1
   293             1
   294             0
   295             1
   296             1
   297             0
   298             1
   299             1
   300             3
   301             0
   302             1
   303             1
   304             1
   305             1
   306             2
   307             0
   308             1
   309             1
   310             0
   311             0
   312             5
   313             0
   314             1
   315             0
   316             3
   317             1
   318             2
   319             0
   320             1
   321             0
   322             2
   323             2
   324             2
   325             0
   326             1
   327             1
   328             1
   329             2
   330             2
   331             1
   332             0
   333             0
   334             2
   335             2
   336             1
   337             0
   338             1
   339             0
   340             0
   341             0
   342             2
   343             1
   344             1
   345             1
   346             0
   347             0
   348             1
   349             2
   350             2
   351             0
   352             3
   353             2
   354             0
   355             0
   356             1
   357             2
   358             0
   359             1
   360             4
   361             0
   362             1
   363             1
   364             1
   365             3
   366             1
   367             0
   368             1
   369             0
   370             1
   371             1
   372             2
   373             0
   374             1
   375             0
   376             2
   377             1
   378             1
   379             0
   380             0
   381             0
   382             1
   383             2
   384             0
   385             1
   386             1
   387             2
   388             0
   389             0
   390             0
   391             0
   392             2
   393             0
   394             0
   395             3
   396             2
   397             0
   398             1
   399             3
   400             0
   401             0
   402             1
   403             1
   404             1
   405             1
   406             2
   407             2
   408             1
   409             0
   410             0
   411             2
   412             1
   413             0
   414             0
   415             1
   416             1
   417             2
   418             0
   419             1
   420             1
   421             2
   422             1
   423             4
   424             0
   425             0
   426             1
   427             0
   428             2
   429             1
   430             0
   431             1
   432             2
   433             0
   434             0
   435             0
   436             2
   437             1
   438             1
   439             1
   440             0
   441             0
   442             1
   443             2
   444             0
   445             1
   446             0
   447             0
   448             0
   449             1
   450             0
   451             1
   452             2
   453             0
   454             1
   455             1
   456             1
   457             0
   458             0
   459             0
   460             0
   461             1
   462             1
   463             0
   464             0
   465             0
   466             0
   467             0
   468             2
   469             0
   470             2
   471             2
   472             1
   473             1
   474             0
   475             0
   476             1
   477             2
   478             1
   479             0
   480             0
   481             0
   482             1
   483             2
   484             0
   485             0
   486             2
   487             1
   488             0
   489             1
   490             1
   491             0
   492             2
   493             0
   494             2
   495             0
   496             3
   497             0
   498             2
   499             0
   500             4
   501             1
   502             0
   503             1
   504             2
   505             0
   506             1
   507             1
   508             0
   509             0
   510             1
   511             1
   512             2
   513             3
   514             1
   515             0
   516             3
   517             0
   518             1
   519             1
   520             1
   521             0
   522             1
   523             2
   524             1
   525             0
   526             1
   527             2
   528             0
   529             0
   530             1
   531             2
   532             1
   533             2
   534             1
   535             1
   536             0
   537             0
   538             1
   539             1
   540             0
   541             0
   542             1
   543             1
   544             1
   545             1
   546             2
   547             1
   548             1
   549             0
   550             0
   551             1
   552             1
   553             1
   554             3
   555             1
   556             0
   557             0
   558             0
   559             1
   560             0
   561             0
   562             2
   563             1
   564             2
   565             1
   566             2
   567             1
   568             3
   569             1
   570             1
   571             1
   572             0
   573             0
   574             0
   575             2
   576             1
   577             0
   578             0
   579             1
   580             1
   581             0
   582             0
   583             2
   584             1
   585             0
   586             0
   587             0
   588             0
   589             0
   590             0
   591             1
   592             2
   593             3
   594             0
   595             1
   596             0
   597             2
   598             0
   599             1
   600             3
   601             1
   602             0
   603             0
   604             0
   605             1
   606             2
   607             0
   608             1
   609             0
   610             2
   611             0
   612             1
   613             1
   614             0
   615             0
   616             3
   617             1
   618             0
   619             0
   620             0
   621             1
   622             0
   623             1
   624             0
   625             1
   626             2
   627             3
   628             4
   629             1
   630             2
   631             0
   632             2
   633             2
   634             1
   635             1
   636             1
   637             1
   638             1
   639             0
   640             0
   641             1
   642             1
   643             0
   644             0
   645             1
   646             2
   647             0
   648             0
   649             0
   650             2
   651             0
   652             0
   653             0
   654             0
   655             1
   656             1
   657             0
   658             0
   659             0
   660             1
   661             0
   662             0
   663             0
   664             0
   665             2
   666             1
   667             1
   668             1
   669             0
   670             0
   671             0
   672             0
   673             0
   674             0
   675             1
   676             0
   677             2
   678             2
   679             1
   680             2
   681             1
   682             1
   683             1
   684             0
   685             0
   686             2
   687             3
   688             1
   689             0
   690             0
   691             0
   692             1
   693             2
   694             1
   695             3
   696             0
   697             2
   698             1
   699             3
   700             0
   701             0
   702             1
   703             0
   704             2
   705             1
   706             0
   707             1
   708             1
   709             1
   710             1
   711             1
   712             0
   713             1
   714             2
   715             1
   716             0
   717             1
   718             2
   719             0
   720             2
   721             0
   722             3
   723             0
   724             1
   725             4
   726             2
   727             3
   728             1
   729             3
   730             0
   731             0
   732             2
   733             2
   734             0
   735             1
   736             2
   737             2
   738             2
   739             1
   740             0
   741             2
   742             0
   743             2
   744             0
   745             1
   746             1
   747             0
   748             2
   749             0
   750             1
   751             0
   752             2
   753             1
   754             1
   755             2
   756             0
   757             2
   758             2
   759             1
   760             0
   761             1
   762             0
   763             1
   764             2
   765             0
   766             0
   767             1
   768             3
   769             2
   770             1
   771             2
   772             0
   773             0
   774             0
   775             0
   776             1
   777             0
   778             1
   779             1
   780             2
   781             1
   782             0
   783             0
   784             0
   785             2
   786             1
   787             1
   788             1
   789             2
   790             0
   791             0
   792             1
   793             1
   794             0
   795             0
   796             0
   797             0
   798             1
   799             0
   800             0
   801             0
   802             1
   803             1
   804             1
   805             1
   806             1
   807             1
   808             2
   809             1
   810             0
   811             2
   812             0
   813             0
   814             0
   815             0
   816             0
   817             1
   818             1
   819             0
   820             1
   821             1
   822             0
   823             3
   824             2
   825             0
   826             1
   827             1
   828             1
   829             1
   830             0
   831             1
   832             1
   833             0
   834             0
   835             1
   836             1
   837             0
   838             3
   839             1
   840             1
   841             2
   842             0
   843             0
   844             1
   845             1
   846             0
   847             0
   848             1
   849             1
   850             1
   851             0
   852             1
   853             0
   854             3
   855             1
   856             1
   857             0
   858             1
   859             2
   860             0
   861             1
   862             2
   863             4
   864             1
   865             0
   866             0
   867             0
   868             2
   869             5
   870             1
   871             0
   872             2
   873             4
   874             1
   875             0
   876             1
   877             0
   878             1
   879             0
   880             1
   881             3
   882             1
   883             1
   884             3
   885             1
   886             2
   887             2
   888             1
   889             0
   890             3
   891             2
   892             1
   893             0
   894             2
   895             4
   896             1
   897             2
   898             0
   899             1
   900             1
   901             1
   902             1
   903             0
   904             1
   905             0
   906             1
   907             1
   908             2
   909             1
   910             0
   911             3
   912             1
   913             0
   914             1
   915             2
   916             0
   917             0
   918             2
   919             3
   920             0
   921             1
   922             0
   923             0
   924             1
   925             1
   926             1
   927             2
   928             0
   929             0
   930             3
   931             0
   932             4
   933             1
   934             1
   935             3
   936             1
   937             1
   938             2
   939             0
   940             0
   941             1
   942             3
   943             1
   944             2
   945             0
   946             2
   947             0
   948             1
   949             2
   950             3
   951             0
   952             0
   953             4
   954             1
   955             0
   956             0
   957             1
   958             2
   959             0
   960             0
   961             0
   962             1
   963             2
   964             3
   965             2
   966             3
   967             0
   968             1
   969             1
   970             1
   971             0
   972             0
   973             2
   974             0
   975             0
   976             0
   977             1
   978             1
   979             0
   980             0
   981             0
   982             5
   983             0
   984             1
   985             0
   986             1
   987             2
   988             1
   989             4
   990             0
   991             0
   992             2
   993             1
   994             1
   995             0
   996             2
   997             0
   998             1
   999             2
  1000             1
  1001             2
  1002             0
  1003             0
  1004             1
  1005             1
  1006             0
  1007             1
  1008             0
  1009             0
  1010             2
  1011             1
  1012             1
  1013             1
  1014             2
  1015             1
  1016             0
  1017             0
  1018             1
  1019             1
  1020             1
  1021             0
  1022             5
  1023             2
  1024             0
  1025             2
  1026             0
  1027             1
  1028             2
  1029             0
  1030             4
  1031             2
  1032             1
  1033             4
  1034             1
  1035             2
  1036             0
  1037             2
  1038             4
  1039             0
  1040             1
  1041             3
  1042             2
  1043             0
  1044             2
  1045             2
  1046             0
  1047             0
  1048             0
  1049             0
  1050             1
  1051             0
  1052             2
  1053             1
  1054             2
  1055             3
  1056             1
  1057             1
  1058             1
  1059             0
  1060             0
  1061             2
  1062             2
  1063             1
  1064             0
  1065             0
  1066             1
  1067             1
  1068             0
  1069             0
  1070             1
  1071             0
  1072             0
  1073             1
  1074             2
  1075             1
  1076             1
  1077             2
  1078             1
  1079             1
  1080             1
  1081             1
  1082             1
  1083             1
  1084             3
  1085             1
  1086             0
  1087             0
  1088             1
  1089             3
  1090             1
  1091             0
  1092             1
  1093             3
  1094             1
  1095             2
  1096             1
  1097             1
  1098             0
  1099             1
  1100             0
  1101             2
  1102             0
  1103             0
  1104             2
  1105             3
  1106             0
  1107             1
  1108             3
  1109             0
  1110             2
  1111             1
  1112             1
  1113             0
  1114             0
  1115             2
  1116             1
  1117             1
  1118             0
  1119             0
  1120             2
  1121             0
  1122             1
  1123             0
  1124             4
  1125             2
  1126             0
  1127             2
  1128             0
  1129             1
  1130             2
  1131             0
  1132             1
  1133             2
  1134             0
  1135             0
  1136             2
  1137             0
  1138             0
  1139             0
  1140             1
  1141             0
  1142             0
  1143             2
  1144             1
  1145             2
  1146             1
  1147             2
  1148             1
  1149             1
  1150             0
  1151             0
  1152             1
  1153             1
  1154             1
  1155             2
  1156             2
  1157             1
  1158             1
  1159             1
  1160             0
  1161             2
  1162             3
  1163             2
  1164             0
  1165             1
  1166             0
  1167             1
  1168             2
  1169             1
  1170             0
  1171             2
  1172             2
  1173             3
  1174             3
  1175             1
  1176             1
  1177             1
  1178             1
  1179             0
  1180             1
  1181             2
  1182             0
  1183             1
  1184             1
  1185             1
  1186             0
  1187             1
  1188             1
  1189             4
  1190             2
  1191             2
  1192             0
  1193             1
  1194             3
  1195             5
  1196             1
  1197             4
  1198             3
  1199             1
  1200             1
  1201             1
  1202             1
  1203             2
  1204             1
  1205             0
  1206             0
  1207             2
  1208             2
  1209             2
  1210             0
  1211             0
  1212             1
  1213             2
  1214             1
  1215             2
  1216             1
  1217             0
  1218             1
  1219             1
  1220             1
  1221             2
  1222             0
  1223             1
  1224             2
  1225             4
  1226             1
  1227             1
  1228             2
  1229             2
  1230             1
  1231             0
  1232             1
  1233             0
  1234             0
  1235             0
  1236             0
  1237             2
  1238             1
  1239             1
  1240             4
  1241             5
  1242             1
  1243             2
  1244             3
  1245             0
  1246             2
  1247             1
  1248             0
  1249             2
  1250             1
  1251             1
  1252             0
  1253             1
  1254             0
  1255             0
  1256             1
  1257             1
  1258             1
  1259             1
  1260             0
  1261             1
  1262             0
  1263             1
  1264             1
  1265             1
  1266             1
  1267             2
  1268             2
  1269             2
  1270             1
  1271             1
  1272             2
  1273             2
  1274             2
  1275             1
  1276             1
  1277             3
  1278             1
  1279             4
  1280             2
  1281             3
  1282             4
  1283             1
  1284             2
  1285             2
  1286             0
  1287             2
  1288             1
  1289             1
  1290             0
  1291             0
  1292             0
  1293             1
  1294             4
  1295             2
  1296             0
  1297             5
  1298             2
  1299             3
  1300             2
  1301             1
  1302             1
  1303             3
  1304             3
  1305             1
  1306             2
  1307             1
  1308             2
  1309             1
  1310             1
  1311             1
  1312             2
  1313             0
  1314             0
  1315             1
  1316             3
  1317             1
  1318             3
  1319             2
  1320             1
  1321             1
  1322             5
  1323             1
  1324             2
  1325             2
  1326             1
  1327             1
  1328             1
  1329             4
  1330             3
  1331             1
  1332             3
  1333             2
  1334             0
  1335             0
  1336             1
  1337             1
  1338             0
  1339             0
  1340             2
  1341             1
  1342             3
  1343             2
  1344             2
  1345             1
  1346             3
  1347             2
  1348             1
  1349             4
  1350             0
  1351             1
  1352             1
  1353             2
  1354             1
  1355             2
  1356             1
  1357             2
  1358             1
  1359             1
  1360             1
  1361             3
  1362             3
  1363             1
  1364             0
  1365             0
  1366             1
  1367             2
  1368             3
  1369             2
  1370             2
  1371             1
  1372             2
  1373             0
  1374             2
  1375             2
  1376             1
  1377             0
  1378             3
  1379             0
  1380             0
  1381             1
  1382             2
  1383             1
  1384             0
  1385             3
  1386             2
  1387             3
  1388             2
  1389             0
  1390             2
  1391             2
  1392             2
  1393             1
  1394             1
  1395             1
  1396             2
  1397             2
  1398             3
  1399             1
  1400             1
  1401             2
  1402             2
  1403             1
  1404             2
  1405             1
  1406             1
  1407             1
  1408             0
  1409             2
  1410             1
  1411             3
  1412             1
  1413             1
  1414             1
  1415             1
  1416             2
  1417             1
  1418             1
  1419             0
  1420             4
  1421             3
  1422             4
  1423             2
  1424             1
  1425             2
  1426             0
  1427             0
  1428             1
  1429             2
  1430             2
  1431             0
  1432             0
  1433             2
  1434             0
  1435             0
  1436             5
  1437             1
  1438             0
  1439             1
  1440             1
  1441             4
  1442             2
  1443             1
  1444             0
  1445             0
  1446             1
  1447             2
  1448             0
  1449             0
  1450             4
  1451             1
  1452             6
  1453             1
  1454             2
  1455             0
  1456             1
  1457             2
  1458             0
  1459             2
  1460             1
  1461             3
  1462             2
  1463             1
  1464             1
  1465             2
  1466             0
  1467             1
  1468             1
  1469             1
  1470             1
  1471             3
  1472             2
  1473             0
  1474             3
  1475             3
  1476             1
  1477             3
  1478             2
  1479             2
  1480             1
  1481             4
  1482             3
  1483             4
  1484             2
  1485             3
  1486             3
  1487             0
  1488             2
  1489             2
  1490             3
  1491             0
  1492             2
  1493             1
  1494             2
  1495             1
  1496             2
  1497             0
  1498             1
  1499             0
  1500             3
  1501             0
  1502             4
  1503             3
  1504             1
  1505             0
  1506             1
  1507             1
  1508             1
  1509             2
  1510             1
  1511             1
  1512             1
  1513             3
  1514             3
  1515             1
  1516             0
  1517             3
  1518             0
  1519             0
  1520             2
  1521             0
  1522             1
  1523             0
  1524             0
  1525             2
  1526             1
  1527             1
  1528             2
  1529             0
  1530             4
  1531             2
  1532             3
  1533             3
  1534             4
  1535             1
  1536             0
  1537             2
  1538             3
  1539             2
  1540             3
  1541             3
  1542             1
  1543             3
  1544             1
  1545             0
  1546             2
  1547             4
  1548             0
  1549             2
  1550             2
  1551             0
  1552             0
  1553             1
  1554             2
  1555             2
  1556             2
  1557             0
  1558             1
  1559             2
  1560             2
  1561             0
  1562             1
  1563             1
  1564             2
  1565             0
  1566             0
  1567             0
  1568             3
  1569             3
  1570             4
  1571             1
  1572             4
  1573             1
  1574             1
  1575             3
  1576             3
  1577             2
  1578             2
  1579             2
  1580             1
  1581             0
  1582             2
  1583             0
  1584             2
  1585             2
  1586             1
  1587             0
  1588             3
  1589             1
  1590             1
  1591             0
  1592             1
  1593             2
  1594             1
  1595             3
  1596             2
  1597             2
  1598             1
  1599             0
  1600             0
  1601             3
  1602             0
  1603             1
  1604             1
  1605             4
  1606             0
  1607             1
  1608             1
  1609             2
  1610             0
  1611             1
  1612             5
  1613             0
  1614             3
  1615             1
  1616             0
  1617             1
  1618             1
  1619             2
  1620             0
  1621             1
  1622             0
  1623             2
  1624             0
  1625             0
  1626             3
  1627             4
  1628             2
  1629             1
  1630             0
  1631             2
  1632             0
  1633             2
  1634             3
  1635             1
  1636             0
  1637             1
  1638             1
  1639             2
  1640             3
  1641             2
  1642             0
  1643             4
  1644             1
  1645             0
  1646             2
  1647             2
  1648             1
  1649             1
  1650             0
  1651             2
  1652             0
  1653             2
  1654             0
  1655             1
  1656             1
  1657             0
  1658             2
  1659             3
  1660             3
  1661             2
  1662             0
  1663             2
  1664             1
  1665             1
  1666             0
  1667             4
  1668             0
  1669             0
  1670             2
  1671             0
  1672             0
  1673             2
  1674             1
  1675             0
  1676             0
  1677             0
  1678             0
  1679             2
  1680             2
  1681             2
  1682             2
  1683             2
  1684             2
  1685             3
  1686             2
  1687             0
  1688             1
  1689             0
  1690             0
  1691             1
  1692             0
  1693             3
  1694             1
  1695             2
  1696             3
  1697             0
  1698             1
  1699             0
  1700             5
  1701             2
  1702             0
  1703             2
  1704             3
  1705             1
  1706             3
  1707             3
  1708             1
  1709             2
  1710             1
  1711             3
  1712             3
  1713             1
  1714             1
  1715             0
  1716             0
  1717             2
  1718             3
  1719             1
  1720             3
  1721             1
  1722             1
  1723             1
  1724             4
  1725             1
  1726             2
  1727             2
  1728             4
  1729             3
  1730             2
  1731             0
  1732             5
  1733             1
  1734             2
  1735             4
  1736             2
  1737             0
  1738             4
  1739             1
  1740             5
  1741             1
  1742             1
  1743             2
  1744             1
  1745             1
  1746             1
  1747             1
  1748             0
  1749             1
  1750             2
  1751             5
  1752             1
  1753             4
  1754             2
  1755             2
  1756             2
  1757             1
  1758             2
  1759             5
  1760             1
  1761             1
  1762             0
  1763             1
  1764             3
  1765             4
  1766             2
  1767             2
  1768             4
  1769             1
  1770             4
  1771             4
  1772             2
  1773             4
  1774             1
  1775             1
  1776             1
  1777             1
  1778             1
  1779             2
  1780             3
  1781             2
  1782             2
  1783             1
  1784             1
  1785             3
  1786             3
  1787             3
  1788             1
  1789             5
  1790             4
  1791             0
  1792             3
  1793             3
  1794             0
  1795             3
  1796             2
  1797             3
  1798             3
  1799             2
  1800             2
  1801             2
  1802             2
  1803             3
  1804             2
  1805             2
  1806             1
  1807             0
  1808             5
  1809             4
  1810             0
  1811             1
  1812             6
  1813             5
  1814             2
  1815             1
  1816             3
  1817             2
  1818             1
  1819             4
  1820             3
  1821             4
  1822             2
  1823             1
  1824             0
  1825             1
  1826             2
  1827             0
  1828             1
  1829             2
  1830             3
  1831             4
  1832             3
  1833             3
  1834             7
  1835             1
  1836             1
  1837             4
  1838             2
  1839             2
  1840             1
  1841             3
  1842             1
  1843             2
  1844             3
  1845             5
  1846             2
  1847             9
  1848             4
  1849             4
  1850             5
  1851             2
  1852             6
  1853             2
  1854             2
  1855             4
  1856             2
  1857             4
  1858             3
  1859             1
  1860             4
  1861             3
  1862             2
  1863             6
  1864             7
  1865             6
  1866             3
  1867             8
  1868             3
  1869             2
  1870             3
  1871             1
  1872             2
  1873             2
  1874             8
  1875             3
  1876             2
  1877             3
  1878             4
  1879             4
  1880             0
  1881             6
  1882             1
  1883             5
  1884             2
  1885             3
  1886             2
  1887             4
  1888             5
  1889             6
  1890             6
  1891             3
  1892             1
  1893             2
  1894             2
  1895             3
  1896             3
  1897             5
  1898             3
  1899             5
  1900             2
  1901             2
  1902             3
  1903             3
  1904             3
  1905             2
  1906             3
  1907             7
  1908             1
  1909             1
  1910             3
  1911             1
  1912             3
  1913             5
  1914             5
  1915             0
  1916             5
  1917             1
  1918             3
  1919             0
  1920             1
  1921             2
  1922             3
  1923             6
  1924             0
  1925             2
  1926             2
  1927             3
  1928             5
  1929             6
  1930             1
  1931             0
  1932             3
  1933             4
  1934             3
  1935             2
  1936             6
  1937             2
  1938             6
  1939             3
  1940             7
  1941             5
  1942             3
  1943             2
  1944             7
  1945             6
  1946             3
  1947             2
  1948             6
  1949             5
  1950             4
  1951             1
  1952             3
  1953             9
  1954             5
  1955             5
  1956             6
  1957             7
  1958             3
  1959             5
  1960             3
  1961             4
  1962             6
  1963            11
  1964             6
  1965             5
  1966             4
  1967             5
  1968             8
  1969             3
  1970             3
  1971             4
  1972             7
  1973             8
  1974             9
  1975             8
  1976             5
  1977             7
  1978             8
  1979             6
  1980             7
  1981            10
  1982            14
  1983             6
  1984             9
  1985             9
  1986             6
  1987            11
  1988             5
  1989             7
  1990            10
  1991             4
  1992             8
  1993             9
  1994             7
  1995             9
  1996             4
  1997             9
  1998            10
  1999             7
  2000            15
  2001            10
  2002            14
  2003             8
  2004             8
  2005            14
  2006            12
  2007            14
  2008            10
  2009            11
  2010            12
  2011            15
  2012             9
  2013            13
  2014            20
  2015            11
  2016            19
  2017            15
  2018            13
  2019            23
  2020            17
  2021            10
  2022            13
  2023            24
  2024            20
  2025            23
  2026            22
  2027            24
  2028            11
  2029            14
  2030            22
  2031            29
  2032            29
  2033            32
  2034            29
  2035            32
  2036            30
  2037            35
  2038            30
  2039            40
  2040            34
  2041            38
  2042            34
  2043            30
  2044            31
  2045            33
  2046            44
  2047            53
  2048            47
  2049            49
  2050            55
  2051            67
  2052            50
  2053            47
  2054            67
  2055            66
  2056            73
  2057            53
  2058            70
  2059            85
  2060            78
  2061            74
  2062            77
  2063            79
  2064           103
  2065            98
  2066           103
  2067            96
  2068           108
  2069           106
  2070           108
  2071            98
  2072           125
  2073           147
  2074           145
  2075           122
  2076           147
  2077           154
  2078           150
  2079           183
  2080           157
  2081           175
  2082           182
  2083           170
  2084           194
  2085           190
  2086           202
  2087           245
  2088           232
  2089           224
  2090           213
  2091           242
  2092           235
  2093           266
  2094           276
  2095           240
  2096           272
  2097           234
  2098           236
  2099           297
  2100           298
  2101           325
  2102           297
  2103           295
  2104           318
  2105           320
  2106           344
  2107           315
  2108           339
  2109           322
  2110           349
  2111           308
  2112           347
  2113           342
  2114           354
  2115           356
  2116           376
  2117           365
  2118           323
  2119           370
  2120           365
  2121           365
  2122           381
  2123           344
  2124           351
  2125           371
  2126           383
  2127           371
  2128           391
  2129           358
  2130           352
  2131           330
  2132           332
  2133           328
  2134           329
  2135           347
  2136           329
  2137           312
  2138           338
  2139           308
  2140           328
  2141           305
  2142           312
  2143           336
  2144           300
  2145           300
  2146           288
  2147           295
  2148           238
  2149           254
  2150           221
  2151           229
  2152           228
  2153           251
  2154           225
  2155           215
  2156           207
  2157           195
  2158           190
  2159           221
  2160           172
  2161           179
  2162           165
  2163           131
  2164           150
  2165           138
  2166           131
  2167           126
  2168           120
  2169           143
  2170           112
  2171           103
  2172           109
  2173           125
  2174            89
  2175            93
  2176           104
  2177            88
  2178            77
  2179            74
  2180            89
  2181            64
  2182            57
  2183            78
  2184            58
  2185            67
  2186            56
  2187            55
  2188            51
  2189            44
  2190            57
  2191            44
  2192            40
  2193            53
  2194            50
  2195            37
  2196            47
  2197            40
  2198            32
  2199            34
  2200            40
  2201            36
  2202            35
  2203            31
  2204            47
  2205            47
  2206            29
  2207            29
  2208            30
  2209            33
  2210            37
  2211            43
  2212            59
  2213            46
  2214            52
  2215            50
  2216            34
  2217            53
  2218            58
  2219            42
  2220            54
  2221            63
  2222            65
  2223            68
  2224            70
  2225            64
  2226            69
  2227            76
  2228            62
  2229            71
  2230            71
  2231            81
  2232            96
  2233           105
  2234            86
  2235           100
  2236           118
  2237           104
  2238           118
  2239           102
  2240           125
  2241           112
  2242           122
  2243           148
  2244           148
  2245           140
  2246           136
  2247           148
  2248           147
  2249           185
  2250           149
  2251           198
  2252           169
  2253           189
  2254           185
  2255           222
  2256           196
  2257           234
  2258           217
  2259           234
  2260           234
  2261           239
  2262           248
  2263           286
  2264           252
  2265           269
  2266           275
  2267           262
  2268           272
  2269           299
  2270           286
  2271           312
  2272           299
  2273           296
  2274           336
  2275           323
  2276           318
  2277           314
  2278           301
  2279           323
  2280           389
  2281           393
  2282           356
  2283           355
  2284           373
  2285           350
  2286           359
  2287           378
  2288           400
  2289           390
  2290           391
  2291           387
  2292           378
  2293           341
  2294           377
  2295           373
  2296           374
  2297           376
  2298           393
  2299           350
  2300           400
  2301           392
  2302           373
  2303           326
  2304           355
  2305           322
  2306           333
  2307           340
  2308           313
  2309           324
  2310           342
  2311           297
  2312           302
  2313           319
  2314           263
  2315           283
  2316           289
  2317           258
  2318           277
  2319           273
  2320           281
  2321           268
  2322           244
  2323           267
  2324           225
  2325           250
  2326           220
  2327           228
  2328           199
  2329           188
  2330           195
  2331           165
  2332           173
  2333           185
  2334           158
  2335           140
  2336           163
  2337           173
  2338           114
  2339           132
  2340           158
  2341           121
  2342           106
  2343           115
  2344           129
  2345           120
  2346           120
  2347           106
  2348            96
  2349           104
  2350            94
  2351           109
  2352            80
  2353            86
  2354            77
  2355            78
  2356            86
  2357            82
  2358            79
  2359            82
  2360            72
  2361            89
  2362            64
  2363            75
  2364            79
  2365            85
  2366            76
  2367            83
  2368            71
  2369            90
  2370            85
  2371            67
  2372            81
  2373            89
  2374            76
  2375            83
  2376            87
  2377            84
  2378            92
  2379            96
  2380           101
  2381            99
  2382            93
  2383           113
  2384           115
  2385           114
  2386           120
  2387           132
  2388           128
  2389           134
  2390           125
  2391           118
  2392           126
  2393           149
  2394           154
  2395           155
  2396           163
  2397           169
  2398           171
  2399           159
  2400           180
  2401           197
  2402           174
  2403           219
  2404           186
  2405           232
  2406           258
  2407           202
  2408           258
  2409           261
  2410           278
  2411           278
  2412           273
  2413           287
  2414           303
  2415           287
  2416           300
  2417           337
  2418           336
  2419           359
  2420           369
  2421           365
  2422           416
  2423           378
  2424           435
  2425           419
  2426           426
  2427           445
  2428           460
  2429           449
  2430           474
  2431           475
  2432           506
  2433           488
  2434           533
  2435           501
  2436           595
  2437           562
  2438           593
  2439           610
  2440           619
  2441           580
  2442           648
  2443           656
  2444           640
  2445           728
  2446           640
  2447           709
  2448           696
  2449           666
  2450           731
  2451           724
  2452           689
  2453           737
  2454           686
  2455           727
  2456           714
  2457           724
  2458           767
  2459           715
  2460           777
  2461           739
  2462           742
  2463           773
  2464           710
  2465           783
  2466           718
  2467           739
  2468           769
  2469           718
  2470           695
  2471           716
  2472           730
  2473           651
  2474           688
  2475           696
  2476           691
  2477           697
  2478           700
  2479           647
  2480           610
  2481           608
  2482           652
  2483           594
  2484           574
  2485           617
  2486           529
  2487           569
  2488           514
  2489           489
  2490           502
  2491           485
  2492           474
  2493           470
  2494           470
  2495           429
  2496           450
  2497           415
  2498           385
  2499           387
  2500           348
  2501           352
  2502           311
  2503           300
  2504           315
  2505           316
  2506           290
  2507           304
  2508           258
  2509           233
  2510           255
  2511           198
  2512           233
  2513           183
  2514           211
  2515           197
  2516           174
  2517           170
  2518           154
  2519           142
  2520           150
  2521           114
  2522           111
  2523           126
  2524           100
  2525           101
  2526            85
  2527            97
  2528            72
  2529            75
  2530            79
  2531            74
  2532            72
  2533            55
  2534            62
  2535            58
  2536            61
  2537            49
  2538            57
  2539            39
  2540            51
  2541            54
  2542            46
  2543            46
  2544            37
  2545            39
  2546            45
  2547            26
  2548            45
  2549            35
  2550            19
  2551            36
  2552            32
  2553            42
  2554            25
  2555            28
  2556            25
  2557            21
  2558            30
  2559            26
  2560            29
  2561            31
  2562            18
  2563            22
  2564            20
  2565            29
  2566            20
  2567            16
  2568            19
  2569            19
  2570            26
  2571            19
  2572            27
  2573            22
  2574            27
  2575            19
  2576            18
  2577            24
  2578            11
  2579            11
  2580            21
  2581            18
  2582            20
  2583            18
  2584            14
  2585            15
  2586            10
  2587            15
  2588            15
  2589            18
  2590            16
  2591            11
  2592            11
  2593            10
  2594            16
  2595            17
  2596             8
  2597             9
  2598            11
  2599             8
  2600             6
  2601             9
  2602            12
  2603             9
  2604             7
  2605            13
  2606             5
  2607             6
  2608             9
  2609             6
  2610             3
  2611             7
  2612            10
  2613             8
  2614             5
  2615             4
  2616             7
  2617             5
  2618             6
  2619             2
  2620             6
  2621             5
  2622             5
  2623             6
  2624             6
  2625             4
  2626             1
  2627             1
  2628             7
  2629             4
  2630             6
  2631             4
  2632             3
  2633             0
  2634             4
  2635             4
  2636             1
  2637             0
  2638             3
  2639             4
  2640             2
  2641             5
  2642             0
  2643             4
  2644             2
  2645             2
  2646             5
  2647             1
  2648             1
  2649             3
  2650             2
  2651             1
  2652             4
  2653             2
  2654             4
  2655             0
  2656             0
  2657             4
  2658             1
  2659             2
  2660             2
  2661             1
  2662             0
  2663             3
  2664             1
  2665             1
  2666             2
  2667             1
  2668             2
  2669             2
  2670             1
  2671             2
  2672             3
  2673             3
  2674             1
  2675             1
  2676             1
  2677             2
  2678             4
  2679             2
  2680             1
  2681             5
  2682             1
  2683             2
  2684             2
  2685             2
  2686             3
  2687             5
  2688             2
  2689             3
  2690             4
  2691             0
  2692             2
  2693             2
  2694             1
  2695             2
  2696             4
  2697             3
  2698             3
  2699             3
  2700             3
  2701             1
  2702             2
  2703             5
  2704             3
  2705             2
  2706            13
  2707             6
  2708             4
  2709             4
  2710             2
  2711             2
  2712             4
  2713             4
  2714             7
  2715             2
  2716             4
  2717             2
  2718             4
  2719             6
  2720             4
  2721             6
  2722             5
  2723             5
  2724             7
  2725             5
  2726             9
  2727             7
  2728             2
  2729             4
  2730             5
  2731             7
  2732             5
  2733             6
  2734             7
  2735            10
  2736             6
  2737             9
  2738             8
  2739             8
  2740             7
  2741             4
  2742             9
  2743             5
  2744             6
  2745             2
  2746             6
  2747             5
  2748             8
  2749             7
  2750             9
  2751             5
  2752             7
  2753            13
  2754            11
  2755             4
  2756             8
  2757             6
  2758             5
  2759             5
  2760            10
  2761             8
  2762             2
  2763             5
  2764             9
  2765            12
  2766             8
  2767             4
  2768             7
  2769             8
  2770             7
  2771             4
  2772            14
  2773             8
  2774             9
  2775             7
  2776             6
  2777            10
  2778             8
  2779             8
  2780             8
  2781             3
  2782             7
  2783             2
  2784             6
  2785            10
  2786             2
  2787            10
  2788             9
  2789             9
  2790             7
  2791             5
  2792             6
  2793             5
  2794             5
  2795             4
  2796             8
  2797             6
  2798             5
  2799            11
  2800             5
  2801             6
  2802             7
  2803             9
  2804             2
  2805             9
  2806             3
  2807            11
  2808             2
  2809             7
  2810             8
  2811             8
  2812             3
  2813            13
  2814            10
  2815            10
  2816            17
  2817            14
  2818            15
  2819             8
  2820             8
  2821            14
  2822            10
  2823            12
  2824             9
  2825             8
  2826            15
  2827            15
  2828            10
  2829            15
  2830            16
  2831            17
  2832            13
  2833            10
  2834            13
  2835            20
  2836            14
  2837            16
  2838            17
  2839             8
  2840            17
  2841            22
  2842            27
  2843            15
  2844            25
  2845            15
  2846            18
  2847            26
  2848            21
  2849            17
  2850            19
  2851            16
  2852            17
  2853            20
  2854            18
  2855            20
  2856            16
  2857            21
  2858             9
  2859            22
  2860            25
  2861            14
  2862            30
  2863            26
  2864            13
  2865            19
  2866            17
  2867            19
  2868            25
  2869            19
  2870            17
  2871            15
  2872            16
  2873            13
  2874            17
  2875            12
  2876            16
  2877            21
  2878            15
  2879            11
  2880            18
  2881            17
  2882            13
  2883             5
  2884            11
  2885            18
  2886             9
  2887            11
  2888            10
  2889            11
  2890            12
  2891            15
  2892            11
  2893            14
  2894             9
  2895            13
  2896             8
  2897             4
  2898            14
  2899             9
  2900            14
  2901             6
  2902             5
  2903             2
  2904            10
  2905             7
  2906            10
  2907             3
  2908             4
  2909             5
  2910             4
  2911             2
  2912             3
  2913             2
  2914             3
  2915             2
  2916             3
  2917             2
  2918             1
  2919             2
  2920             1
  2921             2
  2922             1
  2923             3
  2924             2
  2925             2
  2926             1
  2927             0
  2928             0
  2929             0
  2930             1
  2931             1
  2932             0
  2933             1
  2934             1
  2935             1
  2936             2
  2937             0
  2938             3
  2939             1
  2940             1
  2941             1
  2942             1
  2943             1
  2944             0
  2945             0
  2946             1
  2947             0
  2948             0
  2949             0
  2950             0
  2951             0
  2952             3
  2953             2
  2954             0
  2955             0
  2956             2
  2957             1
  2958             3
  2959             1
  2960             4
  2961             0
  2962             0
  2963             1
  2964             2
  2965             0
  2966             0
  2967             1
  2968             1
  2969             0
  2970             3
  2971             0
  2972             2
  2973             1
  2974             1
  2975             0
  2976             0
  2977             0
  2978             1
  2979             0
  2980             0
  2981             1
  2982             2
  2983             2
  2984             2
  2985             1
  2986             0
  2987             0
  2988             1
  2989             3
  2990             3
  2991             0
  2992             5
  2993             3
  2994             2
  2995             0
  2996             0
  2997             4
  2998             1
  2999             5
  3000             2
  3001             1
  3002             3
  3003             2
  3004             1
  3005             4
  3006             4
  3007             1
  3008             3
  3009             5
  3010             0
  3011             3
  3012             3
  3013             1
  3014             2
  3015             1
  3016             1
  3017             2
  3018             2
  3019             0
  3020             7
  3021             8
  3022             5
  3023             3
  3024             4
  3025             2
  3026             0
  3027             5
  3028             3
  3029             4
  3030             5
  3031             9
  3032             3
  3033             3
  3034             9
  3035             8
  3036             8
  3037             7
  3038             9
  3039             5
  3040            10
  3041             5
  3042             5
  3043             5
  3044             4
  3045             6
  3046             9
  3047             9
  3048             7
  3049             5
  3050             5
  3051             9
  3052            10
  3053             9
  3054            12
  3055            12
  3056            11
  3057             8
  3058             6
  3059            14
  3060             4
  3061            14
  3062            14
  3063             9
  3064            16
  3065            15
  3066            16
  3067            12
  3068            15
  3069            21
  3070            14
  3071             7
  3072            10
  3073            14
  3074            12
  3075            25
  3076            14
  3077            11
  3078            16
  3079            18
  3080            19
  3081            19
  3082            17
  3083            25
  3084            13
  3085            21
  3086            15
  3087            18
  3088            10
  3089            22
  3090            15
  3091            12
  3092            22
  3093            15
  3094            20
  3095            20
  3096            13
  3097            19
  3098            14
  3099            18
  3100            17
  3101            18
  3102            23
  3103            20
  3104            19
  3105            16
  3106            10
  3107            18
  3108            18
  3109            22
  3110            21
  3111            15
  3112            12
  3113            17
  3114            13
  3115            19
  3116            17
  3117            12
  3118            13
  3119            15
  3120            15
  3121            13
  3122            14
  3123            10
  3124            12
  3125            15
  3126            16
  3127             9
  3128             8
  3129             8
  3130             8
  3131             7
  3132            14
  3133            14
  3134             9
  3135            11
  3136            10
  3137            11
  3138             3
  3139             4
  3140            11
  3141             5
  3142             7
  3143             4
  3144             6
  3145             6
  3146             9
  3147             1
  3148             5
  3149             6
  3150             3
  3151             2
  3152             3
  3153             4
  3154             6
  3155             1
  3156             4
  3157             2
  3158             2
  3159             2
  3160             2
  3161             3
  3162             3
  3163             3
  3164             5
  3165             1
  3166             3
  3167             1
  3168             1
  3169             2
  3170             2
  3171             6
  3172             1
  3173             1
  3174             0
  3175             0
  3176             1
  3177             0
  3178             1
  3179             3
  3180             0
  3181             1
  3182             1
  3183             0
  3184             2
  3185             0
  3186             4
  3187             1
  3188             1
  3189             3
  3190             1
  3191             4
  3192             2
  3193             0
  3194             0
  3195             0
  3196             1
  3197             1
  3198             0
  3199             4
  3200             1
  3201             2
  3202             2
  3203             1
  3204             2
  3205             2
  3206             0
  3207             2
  3208             0
  3209             0
  3210             3
  3211             0
  3212             0
  3213             2
  3214             2
  3215             5
  3216             1
  3217             0
  3218             1
  3219             0
  3220             1
  3221             1
  3222             1
  3223             3
  3224             5
  3225             1
  3226             0
  3227             1
  3228             1
  3229             0
  3230             2
  3231             2
  3232             4
  3233             2
  3234             2
  3235             4
  3236             3
  3237             3
  3238             1
  3239             1
  3240             1
  3241             2
  3242             3
  3243             2
  3244             1
  3245             0
  3246             0
  3247             3
  3248             5
  3249             2
  3250             1
  3251             2
  3252             5
  3253             2
  3254             0
  3255             0
  3256             3
  3257             0
  3258             1
  3259             1
  3260             2
  3261             0
  3262             1
  3263             0
  3264             0
  3265             2
  3266             0
  3267             0
  3268             0
  3269             0
  3270             0
  3271             1
  3272             0
  3273             0
  3274             0
  3275             1
  3276             3
  3277             0
  3278             0
  3279             2
  3280             0
  3281             0
  3282             0
  3283             1
  3284             0
  3285             1
  3286             0
  3287             0
  3288             0
  3289             0
  3290             0
  3291             0
  3292             2
  3293             1
  3294             1
  3295             0
  3296             0
  3297             0
  3298             0
  3299             1
  3300             0
  3301             2
  3302             0
  3303             1
  3304             0
  3305             0
  3306             0
  3307             0
  3308             0
  3309             0
  3310             0
  3311             0
  3312             0
  3313             0
  3314             0
  3315             0
  3316             0
  3317             0
  3318             1
  3319             0
  3320             0
  3321             0
  3322             0
  3323             1
  3324             0
  3325             2
  3326             0
  3327             0
  3328             0
  3329             0
  3330             0
  3331             1
  3332             0
  3333             1
  3334             0
  3335             0
  3336             1
  3337             0
  3338             0
  3339             0
  3340             0
  3341             1
  3342             0
  3343             0
  3344             0
  3345             0
  3346             0
  3347             0
  3348             0
  3349             1
  3350             0
  3351             0
  3352             0
  3353             0
  3354             0
  3355             0
  3356             0
  3357             0
  3358             0
  3359             0
  3360             0
  3361             0
  3362             0
  3363             0
  3364             0
  3365             0
  3366             0
  3367             0
  3368             0
  3369             0
  3370             0
  3371             0
  3372             1
  3373             0
  3374             0
  3375             0
  3376             0
  3377             0
  3378             0
  3379             0
  3380             0
  3381             0
  3382             0
  3383             0
  3384             0
  3385             1
  3386             0
  3387             0
  3388             0
  3389             0
  3390             0
  3391             0
  3392             0
  3393             0
  3394             0
  3395             1
  3396             0
  3397             1
  3398             0
  3399             0
  3400             0
  3401             0
  3402             0
  3403             0
  3404             0
  3405             1
  3406             0
  3407             0
  3408             0
  3409             1
  3410             0
  3411             0
  3412             0
  3413             0
  3414             1
  3415             1
  3416             1
  3417             1
  3418             1
  3419             1
  3420             0
  3421             1
  3422             1
  3423             0
  3424             0
  3425             1
  3426             0
  3427             0
  3428             0
  3429             0
  3430             1
  3431             0
  3432             0
  3433             0
  3434             1
  3435             1
  3436             0
  3437             0
  3438             0
  3439             1
  3440             0
  3441             1
  3442             0
  3443             0
  3444             0
  3445             0
  3446             0
  3447             0
  3448             0
  3449             0
  3450             0
  3451             0
  3452             0
  3453             0
  3454             0
  3455             0
  3456             1
  3457             2
  3458             0
  3459             1
  3460             0
  3461             1
  3462             0
  3463             0
  3464             1
  3465             0
  3466             2
  3467             0
  3468             1
  3469             0
  3470             0
  3471             0
  3472             0
  3473             0
  3474             0
  3475             0
  3476             0
  3477             0
  3478             0
  3479             0
  3480             0
  3481             0
  3482             1
  3483             0
  3484             0
  3485             0
  3486             0
  3487             0
  3488             0
  3489             1
  3490             1
  3491             0
  3492             1
  3493             0
  3494             0
  3495             0
  3496             0
  3497             1
  3498             0
  3499             0
  3500             0
  3501             0
  3502             0
  3503             0
  3504             0
  3505             0
  3506             0
  3507             1
  3508             1
  3509             0
  3510             0
  3511             0
  3512             0
  3513             0
  3514             0
  3515             1
  3516             0
  3517             0
  3518             0
  3519             0
  3520             1
  3521             1
  3522             0
  3523             0
  3524             0
  3525             0
  3526             0
  3527             1
  3528             0
  3529             0
  3530             0
  3531             0
  3532             1
  3533             0
  3534             1
  3535             0
  3536             0
  3537             0
  3538             0
  3539             0
  3540             0
  3541             0
  3542             2
  3543             0
  3544             0
  3545             0
  3546             0
  3547             0
  3548             0
  3549             0
  3550             0
  3551             0
  3552             0
  3553             0
  3554             0
  3555             0
  3556             0
  3557             0
  3558             0
  3559             0
  3560             0
  3561             0
  3562             0
  3563             0
  3564             0
  3565             0
  3566             1
  3567             0
  3568             0
  3569             0
  3570             0
  3571             0
  3572             0
  3573             0
  3574             0
  3575             0
  3576             1
  3577             0
  3578             1
  3579             0
  3580             0
  3581             0
  3582             1
  3583             0
  3584             0
  3585             0
  3586             0
  3587             0
  3588             0
  3589             0
  3590             0
  3591             0
  3592             0
  3593             0
  3594             0
  3595             0
  3596             0
  3597             2
  3598             0
  3599             0
  3600             1
  3601             0
  3602             1
  3603             0
  3604             0
  3605             0
  3606             0
  3607             1
  3608             0
  3609             0
  3610             0
  3611             0
  3612             0
  3613             0
  3614             0
  3615             1
  3616             0
  3617             0
  3618             0
  3619             0
  3620             0
  3621             0
  3622             0
  3623             0
  3624             0
  3625             0
  3626             0
  3627             0
  3628             0
  3629             0
  3630             0
  3631             2
  3632             0
  3633             0
  3634             0
  3635             0
  3636             0
  3637             0
  3638             0
  3639             0
  3640             0
  3641             0
  3642             0
  3643             0
  3644             0
  3645             0
  3646             0
  3647             0
  3648             0
  3649             0
  3650             1
  3651             0
  3652             0
  3653             0
  3654             1
  3655             0
  3656             0
  3657             0
  3658             0
  3659             0
  3660             1
  3661             1
  3662             0
  3663             1
  3664             0
  3665             0
  3666             1
  3667             0
  3668             0
  3669             0
  3670             0
  3671             0
  3672             0
  3673             0
  3674             0
  3675             0
  3676             1
  3677             0
  3678             0
  3679             0
  3680             0
  3681             0
  3682             0
  3683             0
  3684             0
  3685             1
  3686             1
  3687             0
  3688             0
  3689             0
  3690             0
  3691             0
  3692             0
  3693             0
  3694             0
  3695             0
  3696             1
  3697             0
  3698             0
  3699             0
  3700             0
  3701             0
  3702             0
  3703             0
  3704             0
  3705             0
  3706             0
  3707             0
  3708             0
  3709             0
  3710             0
  3711             1
  3712             0
  3713             1
  3714             1
  3715             0
  3716             0
  3717             0
  3718             0
  3719             0
  3720             0
  3721             0
  3722             0
  3723             0
  3724             0
  3725             0
  3726             0
  3727             0
  3728             0
  3729             0
  3730             0
  3731             0
  3732             2
  3733             0
  3734             2
  3735             1
  3736             0
  3737             0
  3738             0
  3739             0
  3740             0
  3741             1
  3742             0
  3743             1
  3744             0
  3745             0
  3746             0
  3747             1
  3748             1
  3749             0
  3750             1
  3751             1
  3752             0
  3753             0
  3754             0
  3755             0
  3756             1
  3757             3
  3758             0
  3759             0
  3760             0
  3761             0
  3762             0
  3763             0
  3764             0
  3765             0
  3766             0
  3767             0
  3768             1
  3769             0
  3770             0
  3771             0
  3772             0
  3773             1
  3774             0
  3775             0
  3776             0
  3777             1
  3778             0
  3779             0
  3780             0
  3781             0
  3782             1
  3783             3
  3784             0
  3785             0
  3786             0
  3787             1
  3788             1
  3789             2
  3790             1
  3791             2
  3792             0
  3793             1
  3794             1
  3795             1
  3796             2
  3797             1
  3798             2
  3799             0
  3800             0
  3801             1
  3802             1
  3803             2
  3804             3
  3805             0
  3806             1
  3807             3
  3808             0
  3809             0
  3810             0
  3811             3
  3812             3
  3813             1
  3814             3
  3815             1
  3816             2
  3817             1
  3818             0
  3819             2
  3820             0
  3821             0
  3822             2
  3823             1
  3824             0
  3825             1
  3826             4
  3827             1
  3828             0
  3829             3
  3830             2
  3831             3
  3832             2
  3833             2
  3834             1
  3835             2
  3836             5
  3837             4
  3838             2
  3839             1
  3840             1
  3841             0
  3842             2
  3843             0
  3844             1
  3845             2
  3846             2
  3847             4
  3848             2
  3849             0
  3850             1
  3851             2
  3852             1
  3853             2
  3854             1
  3855             1
  3856             2
  3857             0
  3858             0
  3859             2
  3860             0
  3861             0
  3862             2
  3863             5
  3864             3
  3865             1
  3866             1
  3867             3
  3868             2
  3869             3
  3870             0
  3871             2
  3872             0
  3873             1
  3874             2
  3875             3
  3876             0
  3877             5
  3878             5
  3879             1
  3880             0
  3881             3
  3882             1
  3883             2
  3884             3
  3885             1
  3886             0
  3887             0
  3888             3
  3889             2
  3890             0
  3891             0
  3892             2
  3893             1
  3894             1
  3895             0
  3896             2
  3897             1
  3898             0
  3899             0
  3900             1
  3901             1
  3902             2
  3903             0
  3904             0
  3905             1
  3906             1
  3907             0
  3908             2
  3909             0
  3910             0
  3911             0
  3912             1
  3913             1
  3914             1
  3915             1
  3916             1
  3917             1
  3918             3
  3919             0
  3920             0
  3921             0
  3922             0
  3923             1
  3924             1
  3925             0
  3926             1
  3927             1
  3928             1
  3929             2
  3930             1
  3931             2
  3932             2
  3933             0
  3934             0
  3935             2
  3936             0
  3937             0
  3938             0
  3939             0
  3940             0
  3941             0
  3942             0
  3943             2
  3944             1
  3945             3
  3946             0
  3947             0
  3948             3
  3949             3
  3950             1
  3951             3
  3952             0
  3953             1
  3954             1
  3955             2
  3956             1
  3957             1
  3958             2
  3959             3
  3960             4
  3961             2
  3962             3
  3963             3
  3964             3
  3965             1
  3966             5
  3967             3
  3968             3
  3969             1
  3970             6
  3971             5
  3972             2
  3973             0
  3974             5
  3975             7
  3976             2
  3977             1
  3978             3
  3979             5
  3980             4
  3981             2
  3982             4
  3983             3
  3984             3
  3985             5
  3986             3
  3987             4
  3988             2
  3989             9
  3990             3
  3991             7
  3992             7
  3993             6
  3994             3
  3995             4
  3996             8
  3997             3
  3998             3
  3999             4
  4000             6
  4001             6
  4002            10
  4003             7
  4004             7
  4005             5
  4006             5
  4007             8
  4008            13
  4009             8
  4010             4
  4011            13
  4012            12
  4013             7
  4014             9
  4015             8
  4016            11
  4017             5
  4018            10
  4019            10
  4020            11
  4021             4
  4022             8
  4023             8
  4024             9
  4025             8
  4026            14
  4027             8
  4028            17
  4029            13
  4030            12
  4031            10
  4032            15
  4033             6
  4034            10
  4035             8
  4036            13
  4037             9
  4038            10
  4039            11
  4040            13
  4041             7
  4042             9
  4043             6
  4044            11
  4045             6
  4046            10
  4047            15
  4048             8
  4049             8
  4050             9
  4051             2
  4052             2
  4053             6
  4054            13
  4055            11
  4056             3
  4057            10
  4058            11
  4059            14
  4060            12
  4061            13
  4062             5
  4063             9
  4064             7
  4065             6
  4066             6
  4067            14
  4068             8
  4069             5
  4070             4
  4071             6
  4072             5
  4073             5
  4074             8
  4075             6
  4076             3
  4077             4
  4078             7
  4079             6
  4080             3
  4081             5
  4082             2
  4083             5
  4084             5
  4085             4
  4086             5
  4087             0
  4088             7
  4089             4
  4090             2
  4091             3
  4092             2
  4093             2
  4094             2
  4095             4
